0	0.0002046236
12	0.0006367955
24	0.001169923
36	0.001650356
48	0.002059111
60	0.002229861
72	0.002523459
84	0.002657573
96	0.002666834
108	0.002738463
120	0.002678687
132	0.002673856
144	0.002574211
156	0.002572536
168	0.002373063
180	0.002365872
192	0.002305253
204	0.002322617
216	0.002188405
228	0.002104668
240	0.002108042
252	0.002035141
264	0.001926641
276	0.001860164
288	0.001867858
300	0.001841511
312	0.001720831
324	0.001694619
336	0.001667359
348	0.001584669
360	0.001582827
372	0.001519669
384	0.001531745
396	0.001466739
408	0.001340285
420	0.001364567
432	0.001379089
444	0.001285398
456	0.001329676
468	0.001215233
480	0.001226021
492	0.001184511
504	0.001149425
516	0.00115419
528	0.001122524
540	0.001096777
552	0.001063868
564	0.001081289
576	0.001011327
588	0.001031296
600	0.001011114
612	0.0009723934
624	0.0009356409
636	0.000927123
648	0.0009278451
660	0.0009285772
672	0.0008807767
684	0.0008758341
696	0.0008632631
708	0.0008541362
720	0.0008390656
732	0.0008353172
744	0.0007921563
756	0.0007943998
768	0.0007878818
780	0.0007757362
792	0.0007571619
804	0.0007566326
816	0.0007217493
828	0.0007640586
840	0.0007112013
852	0.0006984079
864	0.0006884381
876	0.000705173
888	0.0006738768
900	0.0006837699
912	0.0006635439
924	0.0006278534
936	0.000652216
948	0.0006433204
960	0.0006309699
972	0.0006256592
984	0.0006064309
996	0.0006111358
1008	0.0006036823
1020	0.0006009479
1032	0.0005972864
1044	0.0005961761
1056	0.00057286
1068	0.0005572526
1080	0.0005527489
1092	0.0005439768
1104	0.0005479328
1116	0.0005378351
1128	0.0005557233
1140	0.0005413279
1152	0.0005276591
1164	0.0005226253
1176	0.0005059883
1188	0.0005288416
1200	0.0004913138
1212	0.000499104
1224	0.0005048978
1236	0.0004953973
1248	0.0004837284
1260	0.0004844749
1272	0.0005024925
1284	0.0004882237
1296	0.000476763
1308	0.0004826833
1320	0.0004711632
1332	0.0004540435
1344	0.0004453522
1356	0.0004586734
1368	0.0004286141
1380	0.0004375912
1392	0.0004437282
1404	0.000440191
1416	0.0004301904
1428	0.0004296199
1440	0.0004175426
1452	0.0004063369
1464	0.0004198236
1476	0.0004100593
1488	0.0004204244
1500	0.0004087243
1512	0.0003983088
1524	0.0004068663
1536	0.0003973599
1548	0.0003861483
1560	0.0003928117
1572	0.0003991484
1584	0.0003857137
1596	0.0003935949
1608	0.0003810897
1620	0.0003730555
1632	0.0003715556
1644	0.0003689379
1656	0.0003691711
1668	0.0003699251
1680	0.0003587511
1692	0.0003485267
1704	0.0003558427
1716	0.0003492555
1728	0.0003599936
1740	0.0003567157
1752	0.0003592976
1764	0.0003439099
1776	0.0003453796
1788	0.0003464276
1800	0.0003336045
1812	0.000332493
1824	0.0003304303
1836	0.0003398208
1848	0.0003227854
1860	0.0003287234
1872	0.0003366273
1884	0.000321634
1896	0.0003276106
1908	0.0003241047
1920	0.000328736
1932	0.0003184467
1944	0.0003053538
1956	0.000310296
1968	0.0003175107
1980	0.0003037803
1992	0.0003014476
2004	0.0003019483
2016	0.0003071281
2028	0.0003045056
2040	0.0002948126
2052	0.0002972182
2064	0.0002969746
2076	0.0003050952
2088	0.0002922613
2100	0.0003009503
2112	0.0002921155
2124	0.0002920534
2136	0.0002900092
2148	0.0002919698
2160	0.0002824449
2172	0.0002853251
2184	0.0002883968
2196	0.0002916668
2208	0.0002778729
2220	0.0002659143
2232	0.0002632068
2244	0.0002669111
2256	0.0002719783
2268	0.0002733347
2280	0.000269881
2292	0.0002641812
2304	0.0002635039
2316	0.0002608101
2328	0.0002740887
2340	0.000267432
2352	0.0002651299
2364	0.0002581569
2376	0.0002542679
2388	0.0002572771
2400	0.0002568588
2412	0.0002638533
2424	0.0002550515
2436	0.0002493176
2448	0.0002498229
2460	0.0002494712
2472	0.0002574928
2484	0.0002471513
2496	0.0002453184
2508	0.0002488907
2520	0.0002397721
2532	0.0002493929
2544	0.0002433168
2556	0.0002303632
2568	0.0002332094
2580	0.000237415
2592	0.000235736
2604	0.0002393383
2616	0.0002335833
2628	0.0002291813
2640	0.0002354782
2652	0.0002341515
2664	0.0002378208
2676	0.0002321425
2688	0.0002294508
2700	0.0002314665
2712	0.0002267283
2724	0.0002225713
2736	0.0002327607
2748	0.0002273109
2760	0.0002166035
2772	0.0002106792
2784	0.0002225415
2796	0.0002163906
2808	0.0002301254
2820	0.0002177127
2832	0.0002185637
2844	0.0002197574
2856	0.0002194106
2868	0.0002182277
2880	0.0002132979
2892	0.0002116254
2904	0.0002107837
2916	0.0002138637
2928	0.0002183932
2940	0.0002073755
2952	0.0002051844
2964	0.0002157857
2976	0.0002087929
2988	0.0002066615
3000	0.0002015157
3012	0.0002066878
3024	0.0002033604
3036	0.0002076095
3048	0.0002087524
3060	0.000201415
3072	0.000199815
3084	0.0002004209
3096	0.0002009037
3108	0.0001972847
3120	0.0002015732
3132	0.0001959665
3144	0.0001976543
3156	0.0001980951
3168	0.0001956351
3180	0.0001986176
3192	0.0001935542
3204	0.0001920678
3216	0.0001957342
3228	0.0001936925
3240	0.0001954333
3252	0.0001929403
3264	0.0001889556
3276	0.0001903108
3288	0.0001872462
3300	0.0001911688
3312	0.000188832
3324	0.0001948553
3336	0.0001908588
3348	0.000187593
3360	0.0001841048
3372	0.0001859324
3384	0.0001852746
3396	0.0001860385
3408	0.0001793347
3420	0.0001790871
3432	0.0001868866
3444	0.0001817386
3456	0.0001833022
3468	0.0001785058
3480	0.0001816006
3492	0.0001734724
3504	0.0001742814
3516	0.0001825492
3528	0.0001795628
3540	0.0001760791
3552	0.0001762717
3564	0.0001771365
3576	0.0001714851
3588	0.0001735091
3600	0.000172977
3612	0.0001785267
3624	0.0001741934
3636	0.0001715921
3648	0.0001753005
3660	0.0001721168
3672	0.000171879
3684	0.000173947
3696	0.0001704564
3708	0.0001668114
3720	0.0001700231
3732	0.0001717471
3744	0.0001663714
3756	0.0001650652
3768	0.0001673401
3780	0.0001695702
3792	0.0001628319
3804	0.000165682
3816	0.0001707014
3828	0.0001646424
3840	0.0001659954
3852	0.0001609233
3864	0.0001634488
3876	0.0001614674
3888	0.0001590084
3900	0.0001569325
3912	0.0001623213
3924	0.0001601707
3936	0.0001623747
3948	0.0001614974
3960	0.0001556846
3972	0.0001594731
3984	0.000162098
3996	0.0001618868
4008	0.0001602241
4020	0.000158382
4032	0.0001534026
4044	0.000160536
4056	0.0001561122
4068	0.0001584704
4080	0.0001554688
4092	0.000154677
4104	0.0001533333
4116	0.0001546034
4128	0.0001538603
4140	0.0001492807
4152	0.000160432
4164	0.0001538197
4176	0.0001562645
4188	0.0001592941
4200	0.0001519987
4212	0.0001505871
4224	0.0001522469
4236	0.0001489766
4248	0.0001516874
4260	0.0001521097
4272	0.0001500284
4284	0.0001518993
4296	0.000148242
4308	0.0001466903
4320	0.0001456543
4332	0.0001521392
4344	0.000149723
4356	0.0001488566
4368	0.0001480638
4380	0.0001446365
4392	0.0001430694
4404	0.0001424013
4416	0.0001455338
4428	0.000148066
4440	0.0001466752
4452	0.0001442043
4464	0.0001437872
4476	0.0001455087
4488	0.0001436494
4500	0.0001478474
4512	0.0001446854
4524	0.0001416834
4536	0.00014165
4548	0.0001369679
4560	0.0001428507
4572	0.0001419009
4584	0.0001416192
4596	0.0001409605
4608	0.0001381943
4620	0.0001422382
4632	0.0001445135
4644	0.0001398624
4656	0.000137798
4668	0.0001385627
4680	0.0001382012
4692	0.0001371255
4704	0.0001350799
4716	0.000133733
4728	0.0001418524
4740	0.0001404096
4752	0.0001373752
4764	0.0001363393
4776	0.0001365776
4788	0.00013523
4800	0.0001313762
4812	0.0001368062
4824	0.0001376039
4836	0.0001403641
4848	0.0001326912
4860	0.0001376471
4872	0.0001336561
4884	0.0001391041
4896	0.0001341635
4908	0.0001382103
4920	0.0001304021
4932	0.0001339274
4944	0.0001308015
4956	0.0001328511
4968	0.0001347991
4980	0.00013193
4992	0.0001334681
5004	0.0001333972
5016	0.0001338386
5028	0.0001359767
5040	0.0001351382
5052	0.00012789
5064	0.0001338634
5076	0.0001346271
5088	0.0001292535
5100	0.0001323161
5112	0.0001261605
5124	0.0001299769
5136	0.0001290931
5148	0.0001250025
5160	0.0001292524
5172	0.00012546
5184	0.0001295279
5196	0.0001322468
5208	0.000128257
5220	0.0001260104
5232	0.0001279574
5244	0.0001292727
5256	0.0001246911
5268	0.0001280829
5280	0.0001313451
5292	0.000128826
5304	0.0001264391
5316	0.000126909
5328	0.000125648
5340	0.0001266825
5352	0.0001261772
5364	0.0001249596
5376	0.0001251684
5388	0.000125249
5400	0.0001205263
5412	0.0001280541
5424	0.0001218644
5436	0.0001227188
5448	0.000121963
5460	0.0001226522
5472	0.0001233369
5484	0.0001239676
5496	0.0001171956
5508	0.0001218271
5520	0.0001225643
5532	0.0001216759
5544	0.000120219
5556	0.0001182075
5568	0.0001189868
5580	0.0001180664
5592	0.000120096
5604	0.0001194718
5616	0.0001218484
5628	0.0001150575
5640	0.0001242402
5652	0.0001195942
5664	0.0001193778
5676	0.0001206554
5688	0.0001191201
5700	0.000118977
5712	0.0001220992
5724	0.00011376
5736	0.0001168996
5748	0.000118581
5760	0.0001194405
5772	0.0001141852
5784	0.0001218149
5796	0.0001203415
5808	0.0001199607
5820	0.0001121977
5832	0.0001179754
5844	0.0001182917
5856	0.000119181
5868	0.0001172213
5880	0.0001132643
5892	0.0001172721
5904	0.0001146352
5916	0.0001162817
5928	0.0001165926
5940	0.0001181988
5952	0.0001110831
5964	0.0001150332
5976	0.0001142128
5988	0.0001132226
6000	0.0001167904
6012	0.000113954
6024	0.0001132805
6036	0.0001166045
6048	0.0001109358
6060	0.0001117992
6072	0.0001152978
6084	0.0001113198
6096	0.0001140246
6108	0.0001152145
6120	0.0001127219
6132	0.0001144358
6144	0.0001116426
6156	0.0001117702
6168	0.0001133878
6180	0.0001084134
6192	0.0001154573
6204	0.0001102683
6216	0.0001112762
6228	0.000110733
6240	0.000108512
6252	0.0001081304
6264	0.0001101347
6276	0.0001080668
6288	0.0001093014
6300	0.0001087032
6312	0.0001094517
6324	0.000110823
6336	0.0001059292
6348	0.0001119559
6360	0.0001073332
6372	0.0001096301
6384	0.0001099916
6396	0.0001089514
6408	0.0001135201
6420	0.0001025335
6432	0.0001045316
6444	0.0001055052
6456	0.0001090001
6468	0.000107019
6480	0.0001043752
6492	0.0001069164
6504	0.0001072602
6516	0.0001042607
6528	0.0001076834
6540	0.0001042848
6552	0.0001085399
6564	0.0001037755
6576	0.0001057413
6588	0.0001034699
6600	0.0001030581
6612	0.000105215
6624	0.0001054819
6636	0.0001036015
6648	0.0001058251
6660	0.0001037603
6672	0.000108327
6684	0.0001025278
6696	0.0001041656
6708	0.0001049117
6720	0.0001038558
6732	0.0001034345
6744	0.0001014118
6756	0.0001017171
6768	0.0001024895
6780	0.0001028792
6792	9.933198e-05
6804	0.0001028993
6816	0.0001049788
6828	0.0001023422
6840	9.981375e-05
6852	0.000101166
6864	0.0001033544
6876	9.958816e-05
6888	0.0001003222
6900	0.0001063925
6912	0.00010247
6924	0.0001015915
6936	0.0001031105
6948	9.808387e-05
6960	9.977668e-05
6972	0.000102175
6984	0.000100282
6996	9.997252e-05
7008	9.802469e-05
7020	0.0001025898
7032	9.81615e-05
7044	9.966096e-05
7056	0.0001000949
7068	9.930259e-05
7080	9.968932e-05
7092	0.0001004207
7104	9.773429e-05
7116	9.884639e-05
7128	9.568482e-05
7140	9.916429e-05
7152	9.630012e-05
7164	9.73236e-05
7176	0.0001000013
7188	9.763749e-05
7200	9.845423e-05
7212	9.765921e-05
7224	9.620484e-05
7236	9.649243e-05
7248	9.467844e-05
7260	9.542407e-05
7272	9.69619e-05
7284	9.87946e-05
7296	9.602983e-05
7308	9.548473e-05
7320	9.533572e-05
7332	9.348126e-05
7344	9.47299e-05
7356	9.796685e-05
7368	9.616491e-05
7380	9.538764e-05
7392	9.537287e-05
7404	9.484546e-05
7416	9.171635e-05
7428	9.286081e-05
7440	9.786567e-05
7452	9.227379e-05
7464	9.078003e-05
7476	8.927354e-05
7488	9.076062e-05
7500	9.572187e-05
7512	9.352863e-05
7524	9.490147e-05
7536	9.168194e-05
7548	9.351431e-05
7560	9.249097e-05
7572	9.265903e-05
7584	9.564879e-05
7596	9.17736e-05
7608	9.607717e-05
7620	9.233781e-05
7632	9.234674e-05
7644	9.397702e-05
7656	9.191609e-05
7668	9.15759e-05
7680	9.225536e-05
7692	8.813427e-05
7704	9.02288e-05
7716	9.22917e-05
7728	9.406006e-05
7740	8.814537e-05
7752	9.189368e-05
7764	9.132863e-05
7776	8.919853e-05
7788	9.175068e-05
7800	9.01611e-05
7812	9.389598e-05
7824	8.914081e-05
7836	8.974408e-05
7848	8.99042e-05
7860	8.52245e-05
7872	8.989542e-05
7884	8.875228e-05
7896	8.590826e-05
7908	8.923215e-05
7920	8.819884e-05
7932	9.05986e-05
7944	8.935934e-05
7956	8.511762e-05
7968	8.738594e-05
7980	8.612452e-05
7992	8.787229e-05
8004	8.559194e-05
8016	8.713785e-05
8028	8.765009e-05
8040	8.564441e-05
8052	8.610194e-05
8064	8.849742e-05
8076	8.716613e-05
8088	8.603655e-05
8100	8.728844e-05
8112	8.634082e-05
8124	8.679637e-05
8136	8.810103e-05
8148	8.855428e-05
8160	8.64365e-05
8172	8.72103e-05
8184	8.504429e-05
8196	8.913508e-05
8208	8.719569e-05
8220	8.542238e-05
8232	8.757163e-05
8244	8.466252e-05
8256	8.406169e-05
8268	8.536048e-05
8280	8.36166e-05
8292	8.332644e-05
8304	8.501745e-05
8316	8.428041e-05
8328	8.516968e-05
8340	8.483257e-05
8352	8.414217e-05
8364	8.67682e-05
8376	8.301255e-05
8388	8.379941e-05
8400	8.491178e-05
8412	8.310415e-05
8424	8.576656e-05
8436	8.029697e-05
8448	8.387642e-05
8460	8.312853e-05
8472	8.373426e-05
8484	8.221536e-05
8496	8.358138e-05
8508	8.432251e-05
8520	8.244396e-05
8532	8.453241e-05
8544	8.032989e-05
8556	8.561578e-05
8568	8.439806e-05
8580	8.224915e-05
8592	8.315672e-05
8604	8.164821e-05
8616	8.188382e-05
8628	8.296959e-05
8640	8.164112e-05
8652	8.007298e-05
8664	8.364078e-05
8676	8.00847e-05
8688	8.107246e-05
8700	8.159276e-05
8712	7.997911e-05
8724	8.468125e-05
8736	8.227667e-05
8748	8.107703e-05
8760	8.063134e-05
8772	8.152397e-05
8784	7.867173e-05
8796	7.989725e-05
8808	7.921717e-05
8820	8.044553e-05
8832	8.194814e-05
8844	8.116758e-05
8856	8.049746e-05
8868	7.825992e-05
8880	7.801635e-05
8892	8.142235e-05
8904	7.937291e-05
8916	8.060005e-05
8928	8.168568e-05
8940	7.7868e-05
8952	8.050539e-05
8964	7.871662e-05
8976	7.955675e-05
8988	8.035074e-05
9000	8.001767e-05
9012	7.795891e-05
9024	7.930563e-05
9036	7.807624e-05
9048	7.79117e-05
9060	8.030247e-05
9072	7.85595e-05
9084	7.843758e-05
9096	7.751599e-05
9108	7.899262e-05
9120	7.963123e-05
9132	7.749609e-05
9144	8.090877e-05
9156	7.888822e-05
9168	7.534256e-05
9180	7.524314e-05
9192	8.09811e-05
9204	7.806141e-05
9216	7.63193e-05
9228	7.620281e-05
9240	7.544801e-05
9252	7.618028e-05
9264	7.545323e-05
9276	7.706266e-05
9288	7.900075e-05
9300	7.584351e-05
9312	7.825539e-05
9324	7.783977e-05
9336	7.735837e-05
9348	7.539588e-05
9360	7.810702e-05
9372	7.725811e-05
9384	7.523255e-05
9396	7.678364e-05
9408	7.444452e-05
9420	7.406843e-05
9432	7.750034e-05
9444	7.671741e-05
9456	7.79562e-05
9468	7.457451e-05
9480	7.405479e-05
9492	7.620465e-05
9504	7.505042e-05
9516	7.467109e-05
9528	7.594095e-05
9540	7.474876e-05
9552	7.376555e-05
9564	7.387088e-05
9576	7.623731e-05
9588	7.467309e-05
9600	7.549099e-05
9612	7.316062e-05
9624	7.469303e-05
9636	7.278587e-05
9648	7.422818e-05
9660	7.166443e-05
9672	7.402073e-05
9684	7.639334e-05
9696	7.247628e-05
9708	7.598293e-05
9720	7.411682e-05
9732	7.531031e-05
9744	7.416182e-05
9756	7.503582e-05
9768	7.551412e-05
9780	7.447557e-05
9792	7.288385e-05
9804	7.196653e-05
9816	7.436253e-05
9828	7.326207e-05
9840	7.347817e-05
9852	7.431258e-05
9864	7.237046e-05
9876	7.555408e-05
9888	7.307727e-05
9900	7.257257e-05
9912	7.255909e-05
9924	7.233153e-05
9936	7.330845e-05
9948	7.149225e-05
9960	7.170785e-05
9972	7.23558e-05
9984	7.354097e-05
9996	7.310958e-05
10008	6.96182e-05
10020	7.354689e-05
10032	7.267487e-05
10044	7.106295e-05
10056	7.243392e-05
10068	7.293961e-05
10080	7.189143e-05
10092	7.137064e-05
10104	7.259085e-05
10116	7.204622e-05
10128	7.224119e-05
10140	6.952414e-05
10152	7.088283e-05
10164	7.140252e-05
10176	7.010012e-05
10188	6.960998e-05
10200	6.913464e-05
10212	6.987761e-05
10224	7.255431e-05
10236	7.060447e-05
10248	7.110212e-05
10260	6.840554e-05
10272	7.095996e-05
10284	7.271342e-05
10296	6.914577e-05
10308	7.089052e-05
10320	7.045513e-05
10332	7.219092e-05
10344	7.045805e-05
10356	6.996387e-05
10368	7.056756e-05
10380	6.915341e-05
10392	7.153705e-05
10404	7.060866e-05
10416	7.069555e-05
10428	6.78142e-05
10440	6.730186e-05
10452	6.933093e-05
10464	6.877175e-05
10476	6.835064e-05
10488	6.821017e-05
10500	6.961332e-05
10512	6.915475e-05
10524	7.142234e-05
10536	6.879448e-05
10548	6.909734e-05
10560	6.992356e-05
10572	6.952581e-05
10584	6.822003e-05
10596	6.902817e-05
10608	6.919925e-05
10620	6.991472e-05
10632	6.828463e-05
10644	6.970155e-05
10656	6.695602e-05
10668	7.058498e-05
10680	6.889539e-05
10692	6.950017e-05
10704	7.045655e-05
10716	6.806244e-05
10728	6.713763e-05
10740	6.828919e-05
10752	6.776524e-05
10764	6.903326e-05
10776	6.789706e-05
10788	6.645531e-05
10800	6.687138e-05
10812	6.983521e-05
10824	6.926792e-05
10836	6.792294e-05
10848	6.913204e-05
10860	6.776712e-05
10872	6.638796e-05
10884	6.590792e-05
10896	6.748168e-05
10908	6.676686e-05
10920	6.700315e-05
10932	6.750106e-05
10944	6.593447e-05
10956	6.787442e-05
10968	6.570305e-05
10980	6.595387e-05
10992	6.639559e-05
11004	6.941806e-05
11016	6.895625e-05
11028	6.622871e-05
11040	6.793744e-05
11052	6.604948e-05
11064	6.709464e-05
11076	6.489846e-05
11088	6.721113e-05
11100	6.642457e-05
11112	6.701145e-05
11124	6.606129e-05
11136	6.608438e-05
11148	6.603259e-05
11160	6.502808e-05
11172	6.463376e-05
11184	6.55089e-05
11196	6.550457e-05
11208	6.500926e-05
11220	6.569035e-05
11232	6.473925e-05
11244	6.537007e-05
11256	6.712734e-05
11268	6.453394e-05
11280	6.454315e-05
11292	6.564538e-05
11304	6.749621e-05
11316	6.312381e-05
11328	6.465548e-05
11340	6.569751e-05
11352	6.450393e-05
11364	6.551645e-05
11376	6.751143e-05
11388	6.658796e-05
11400	6.424361e-05
11412	6.351367e-05
11424	6.349857e-05
11436	6.262165e-05
11448	6.581862e-05
11460	6.472364e-05
11472	6.598605e-05
11484	6.450865e-05
11496	6.444701e-05
11508	6.564717e-05
11520	6.468959e-05
11532	6.535585e-05
11544	6.421044e-05
11556	6.4502e-05
11568	6.353969e-05
11580	6.536832e-05
11592	6.420468e-05
11604	6.418909e-05
11616	6.393221e-05
11628	6.666357e-05
11640	6.433142e-05
11652	6.450935e-05
11664	6.406874e-05
11676	6.610083e-05
11688	6.329872e-05
11700	6.441837e-05
11712	6.41237e-05
11724	6.129704e-05
11736	6.326815e-05
11748	6.459487e-05
11760	6.587362e-05
11772	6.285981e-05
11784	6.236487e-05
11796	6.530856e-05
11808	6.461559e-05
11820	6.216839e-05
11832	6.256285e-05
11844	6.41615e-05
11856	6.324926e-05
11868	6.111182e-05
11880	6.395656e-05
11892	6.117959e-05
11904	6.280209e-05
11916	6.213341e-05
11928	6.330346e-05
11940	6.187189e-05
11952	6.402091e-05
11964	6.25172e-05
11976	6.291045e-05
11988	6.089356e-05
12000	6.324061e-05
12012	6.190565e-05
12024	6.07392e-05
12036	6.384064e-05
12048	6.106919e-05
12060	6.184274e-05
12072	6.067238e-05
12084	6.28576e-05
12096	6.131115e-05
12108	6.271042e-05
12120	6.169627e-05
12132	6.180682e-05
12144	6.359474e-05
12156	6.071498e-05
12168	6.280399e-05
12180	6.178376e-05
12192	6.030832e-05
12204	6.11943e-05
12216	6.219997e-05
12228	6.1229e-05
12240	6.176873e-05
12252	6.322731e-05
12264	6.117923e-05
12276	6.106219e-05
12288	5.984582e-05
12300	6.259718e-05
12312	6.036754e-05
12324	6.169236e-05
12336	6.164456e-05
12348	6.09412e-05
12360	6.08352e-05
12372	5.94373e-05
12384	6.04202e-05
12396	5.973547e-05
12408	6.21239e-05
12420	5.913042e-05
12432	6.00201e-05
12444	5.939269e-05
12456	5.935405e-05
12468	6.332791e-05
12480	5.902421e-05
12492	5.941673e-05
12504	5.970299e-05
12516	6.098211e-05
12528	5.994765e-05
12540	6.083713e-05
12552	5.869381e-05
12564	6.013873e-05
12576	6.058579e-05
12588	5.868188e-05
12600	5.996752e-05
12612	6.058106e-05
12624	5.897422e-05
12636	5.993298e-05
12648	5.847275e-05
12660	5.922022e-05
12672	5.774836e-05
12684	5.87371e-05
12696	5.899182e-05
12708	6.032163e-05
12720	5.987698e-05
12732	6.0318e-05
12744	5.8323e-05
12756	5.798039e-05
12768	5.678448e-05
12780	5.930196e-05
12792	5.905066e-05
12804	5.775767e-05
12816	5.700851e-05
12828	5.750768e-05
12840	5.802423e-05
12852	5.632611e-05
12864	5.578828e-05
12876	5.778406e-05
12888	5.890885e-05
12900	5.648238e-05
12912	5.957946e-05
12924	5.655846e-05
12936	5.775903e-05
12948	5.765043e-05
12960	5.678488e-05
12972	5.571593e-05
12984	5.676749e-05
12996	5.606878e-05
13008	5.673763e-05
13020	5.708192e-05
13032	5.727799e-05
13044	5.671787e-05
13056	5.483202e-05
13068	5.761359e-05
13080	5.734022e-05
13092	5.76315e-05
13104	5.860192e-05
13116	5.668251e-05
13128	5.556839e-05
13140	5.886189e-05
13152	5.761647e-05
13164	5.632625e-05
13176	5.622981e-05
13188	5.67597e-05
13200	5.665654e-05
13212	5.559328e-05
13224	5.670542e-05
13236	5.725308e-05
13248	5.719874e-05
13260	5.622513e-05
13272	5.548897e-05
13284	5.516729e-05
13296	5.760528e-05
13308	5.544961e-05
13320	5.553969e-05
13332	5.476685e-05
13344	5.514943e-05
13356	5.621319e-05
13368	5.340715e-05
13380	5.501049e-05
13392	5.601945e-05
13404	5.697141e-05
13416	5.463297e-05
13428	5.371879e-05
13440	5.384373e-05
13452	5.391244e-05
13464	5.488219e-05
13476	5.627479e-05
13488	5.73356e-05
13500	5.483064e-05
13512	5.510979e-05
13524	5.502239e-05
13536	5.547354e-05
13548	5.541069e-05
13560	5.562895e-05
13572	5.507742e-05
13584	5.457532e-05
13596	5.344277e-05
13608	5.458254e-05
13620	5.405707e-05
13632	5.322e-05
13644	5.395216e-05
13656	5.350472e-05
13668	5.311707e-05
13680	5.57846e-05
13692	5.510927e-05
13704	5.310778e-05
13716	5.36554e-05
13728	5.301307e-05
13740	5.257914e-05
13752	5.475126e-05
13764	5.38137e-05
13776	5.333295e-05
13788	5.457864e-05
13800	5.440175e-05
13812	5.410813e-05
13824	5.276568e-05
13836	5.199495e-05
13848	5.367568e-05
13860	5.310967e-05
13872	5.345262e-05
13884	5.257285e-05
13896	5.345136e-05
13908	5.287654e-05
13920	5.176926e-05
13932	5.276571e-05
13944	5.178449e-05
13956	5.272265e-05
13968	5.233754e-05
13980	5.051662e-05
13992	5.192961e-05
14004	5.151116e-05
14016	5.234455e-05
14028	5.242609e-05
14040	5.09911e-05
14052	5.158024e-05
14064	5.153372e-05
14076	5.118463e-05
14088	5.181526e-05
14100	5.128108e-05
14112	4.986762e-05
14124	5.120941e-05
14136	5.168354e-05
14148	5.163223e-05
14160	5.142021e-05
14172	5.234234e-05
14184	5.200371e-05
14196	4.972398e-05
14208	5.172005e-05
14220	5.201329e-05
14232	4.921707e-05
14244	5.268843e-05
14256	4.995126e-05
14268	5.042918e-05
14280	5.061474e-05
14292	5.014027e-05
14304	5.066986e-05
14316	5.078373e-05
14328	5.072283e-05
14340	4.966298e-05
14352	5.022205e-05
14364	5.141776e-05
14376	5.022832e-05
14388	5.108956e-05
14400	5.1543e-05
14412	4.935181e-05
14424	4.933889e-05
14436	4.981876e-05
14448	4.872815e-05
14460	5.102695e-05
14472	4.811122e-05
14484	4.983849e-05
14496	4.912531e-05
14508	4.961921e-05
14520	4.913164e-05
14532	4.969133e-05
14544	4.978911e-05
14556	4.890721e-05
14568	4.861008e-05
14580	4.867827e-05
14592	4.95389e-05
14604	5.072133e-05
14616	4.952431e-05
14628	5.053676e-05
14640	4.831813e-05
14652	4.964463e-05
14664	4.933517e-05
14676	4.986991e-05
14688	4.876806e-05
14700	4.704687e-05
14712	4.725143e-05
14724	4.878117e-05
14736	4.909383e-05
14748	4.833421e-05
14760	4.706186e-05
14772	4.716274e-05
14784	4.741487e-05
14796	4.978218e-05
14808	4.841639e-05
14820	4.801852e-05
14832	4.754498e-05
14844	4.593244e-05
14856	4.727712e-05
14868	4.694254e-05
14880	4.813969e-05
14892	4.715535e-05
14904	4.766011e-05
14916	4.833464e-05
14928	4.681131e-05
14940	4.748025e-05
14952	4.75056e-05
14964	4.781291e-05
14976	4.681969e-05
14988	4.741451e-05
15000	4.943518e-05
15012	4.779627e-05
15024	4.7463e-05
15036	4.640042e-05
15048	4.620137e-05
15060	4.790301e-05
15072	4.571893e-05
15084	4.816789e-05
15096	4.644554e-05
15108	4.701892e-05
15120	4.703837e-05
15132	4.76124e-05
15144	4.706383e-05
15156	4.503303e-05
15168	4.61003e-05
15180	4.617019e-05
15192	4.567848e-05
15204	4.679872e-05
15216	4.69695e-05
15228	4.68361e-05
15240	4.72104e-05
15252	4.545641e-05
15264	4.616476e-05
15276	4.649204e-05
15288	4.648851e-05
15300	4.612886e-05
15312	4.541937e-05
15324	4.599054e-05
15336	4.590298e-05
15348	4.574644e-05
15360	4.447038e-05
15372	4.575006e-05
15384	4.646844e-05
15396	4.372872e-05
15408	4.447431e-05
15420	4.557917e-05
15432	4.534898e-05
15444	4.534355e-05
15456	4.378703e-05
15468	4.417756e-05
15480	4.381612e-05
15492	4.418945e-05
15504	4.416257e-05
15516	4.382408e-05
15528	4.390543e-05
15540	4.407538e-05
15552	4.399053e-05
15564	4.416495e-05
15576	4.370206e-05
15588	4.442273e-05
15600	4.459799e-05
15612	4.524269e-05
15624	4.397397e-05
15636	4.432172e-05
15648	4.469103e-05
15660	4.4851e-05
15672	4.433e-05
15684	4.473564e-05
15696	4.392465e-05
15708	4.511925e-05
15720	4.354019e-05
15732	4.355801e-05
15744	4.289331e-05
15756	4.230338e-05
15768	4.428994e-05
15780	4.317673e-05
15792	4.403653e-05
15804	4.385937e-05
15816	4.375151e-05
15828	4.30858e-05
15840	4.372129e-05
15852	4.437931e-05
15864	4.279482e-05
15876	4.315974e-05
15888	4.449534e-05
15900	4.4488e-05
15912	4.282465e-05
15924	4.435972e-05
15936	4.312119e-05
15948	4.35351e-05
15960	4.272618e-05
15972	4.315476e-05
15984	4.256549e-05
15996	4.348856e-05
16008	4.312905e-05
16020	4.243018e-05
16032	4.346549e-05
16044	4.212916e-05
16056	4.315975e-05
16068	4.463768e-05
16080	4.171679e-05
16092	4.188111e-05
16104	4.191565e-05
16116	4.239366e-05
16128	4.292512e-05
16140	4.317446e-05
16152	4.235098e-05
16164	4.136648e-05
16176	4.298714e-05
16188	4.07013e-05
16200	4.140647e-05
16212	4.161633e-05
16224	4.174905e-05
16236	4.113892e-05
16248	4.217343e-05
16260	4.243871e-05
16272	4.171981e-05
16284	4.250981e-05
16296	4.151197e-05
16308	4.272944e-05
16320	4.191216e-05
16332	4.277957e-05
16344	4.036036e-05
16356	4.246301e-05
16368	4.089086e-05
16380	4.06123e-05
16392	4.16964e-05
16404	4.136053e-05
16416	4.140415e-05
16428	4.176672e-05
16440	4.05195e-05
16452	4.063947e-05
16464	4.330594e-05
16476	4.058718e-05
16488	4.077523e-05
16500	4.311602e-05
16512	4.196848e-05
16524	4.169795e-05
16536	4.085648e-05
16548	3.97797e-05
16560	4.006419e-05
16572	4.05307e-05
16584	4.177631e-05
16596	4.082216e-05
16608	3.990881e-05
16620	3.998637e-05
16632	4.145241e-05
16644	4.067421e-05
16656	3.957007e-05
16668	4.150145e-05
16680	4.038676e-05
16692	4.124936e-05
16704	4.051481e-05
16716	3.947075e-05
16728	4.094085e-05
16740	4.029685e-05
16752	4.040408e-05
16764	3.936471e-05
16776	3.930494e-05
16788	4.045377e-05
16800	3.954102e-05
16812	3.886193e-05
16824	4.052652e-05
16836	4.026368e-05
16848	4.005052e-05
16860	3.980182e-05
16872	3.99106e-05
16884	3.908162e-05
16896	3.960376e-05
16908	4.009306e-05
16920	3.955348e-05
16932	3.963424e-05
16944	3.994042e-05
16956	3.923065e-05
16968	3.990859e-05
16980	3.936181e-05
16992	4.059475e-05
17004	3.985889e-05
17016	3.875822e-05
17028	4.097193e-05
17040	4.031909e-05
17052	3.905889e-05
17064	3.831247e-05
17076	3.854189e-05
17088	3.912973e-05
17100	3.868896e-05
17112	3.764518e-05
17124	3.908198e-05
17136	3.875244e-05
17148	3.961432e-05
17160	3.791132e-05
17172	3.969968e-05
17184	3.857656e-05
17196	3.876355e-05
17208	3.811552e-05
17220	3.914612e-05
17232	3.827993e-05
17244	3.977595e-05
17256	3.762507e-05
17268	3.790484e-05
17280	3.731011e-05
17292	3.885293e-05
17304	3.759352e-05
17316	3.814706e-05
17328	3.610146e-05
17340	3.869793e-05
17352	3.801438e-05
17364	3.90693e-05
17376	3.877667e-05
17388	3.801918e-05
17400	3.85111e-05
17412	3.850231e-05
17424	3.81919e-05
17436	3.819074e-05
17448	3.846365e-05
17460	3.785134e-05
17472	3.880407e-05
17484	3.662912e-05
17496	3.746339e-05
17508	3.804951e-05
17520	3.842139e-05
17532	3.65761e-05
17544	3.794108e-05
17556	3.841636e-05
17568	3.706169e-05
17580	3.664408e-05
17592	3.609903e-05
17604	3.79597e-05
17616	3.792985e-05
17628	3.742265e-05
17640	3.591875e-05
17652	3.671422e-05
17664	3.697737e-05
17676	3.809394e-05
17688	3.720501e-05
17700	3.687312e-05
17712	3.772845e-05
17724	3.760408e-05
17736	3.568107e-05
17748	3.646634e-05
17760	3.736474e-05
17772	3.748014e-05
17784	3.747881e-05
17796	3.700853e-05
17808	3.60767e-05
17820	3.588791e-05
17832	3.779108e-05
17844	3.712487e-05
17856	3.552848e-05
17868	3.758728e-05
17880	3.629053e-05
17892	3.666502e-05
17904	3.515738e-05
17916	3.548421e-05
17928	3.532385e-05
17940	3.710247e-05
17952	3.768093e-05
17964	3.587867e-05
17976	3.646657e-05
17988	3.771938e-05
18000	3.662343e-05
18012	3.475073e-05
18024	3.59037e-05
18036	3.661109e-05
18048	3.584832e-05
18060	3.606052e-05
18072	3.558661e-05
18084	3.706903e-05
18096	3.550569e-05
18108	3.482826e-05
18120	3.471708e-05
18132	3.685038e-05
18144	3.563879e-05
18156	3.555802e-05
18168	3.488285e-05
18180	3.515711e-05
18192	3.621166e-05
18204	3.461013e-05
18216	3.526767e-05
18228	3.54162e-05
18240	3.538467e-05
18252	3.430382e-05
18264	3.434519e-05
18276	3.489956e-05
18288	3.494175e-05
18300	3.465486e-05
18312	3.563206e-05
18324	3.378647e-05
18336	3.46403e-05
18348	3.536969e-05
18360	3.466123e-05
18372	3.442196e-05
18384	3.457716e-05
18396	3.44364e-05
18408	3.529798e-05
18420	3.487286e-05
18432	3.476049e-05
18444	3.420361e-05
18456	3.473757e-05
18468	3.34832e-05
18480	3.426625e-05
18492	3.388901e-05
18504	3.460441e-05
18516	3.414131e-05
18528	3.464205e-05
18540	3.367553e-05
18552	3.393942e-05
18564	3.483598e-05
18576	3.29392e-05
18588	3.41676e-05
18600	3.379874e-05
18612	3.508347e-05
18624	3.383164e-05
18636	3.376683e-05
18648	3.270257e-05
18660	3.3541e-05
18672	3.296927e-05
18684	3.345755e-05
18696	3.362949e-05
18708	3.277825e-05
18720	3.270468e-05
18732	3.43664e-05
18744	3.25293e-05
18756	3.21751e-05
18768	3.344515e-05
18780	3.265853e-05
18792	3.276629e-05
18804	3.259257e-05
18816	3.289288e-05
18828	3.315149e-05
18840	3.264077e-05
18852	3.221637e-05
18864	3.240979e-05
18876	3.226976e-05
18888	3.206712e-05
18900	3.184959e-05
18912	3.220113e-05
18924	3.178514e-05
18936	3.212297e-05
18948	3.207087e-05
18960	3.248864e-05
18972	3.190813e-05
18984	3.355759e-05
18996	3.218451e-05
19008	3.151623e-05
19020	3.240154e-05
19032	3.243925e-05
19044	3.154327e-05
19056	3.187125e-05
19068	3.142037e-05
19080	3.03037e-05
19092	3.095736e-05
19104	3.100176e-05
19116	3.132511e-05
19128	3.009728e-05
19140	3.175053e-05
19152	2.999441e-05
19164	3.109068e-05
19176	3.088496e-05
19188	3.136017e-05
19200	3.063428e-05
19212	3.060481e-05
19224	3.076423e-05
19236	3.109207e-05
19248	3.073569e-05
19260	3.077172e-05
19272	3.019699e-05
19284	3.038719e-05
19296	2.981729e-05
19308	2.910602e-05
19320	2.981056e-05
19332	3.039167e-05
19344	2.943943e-05
19356	2.98116e-05
19368	2.92039e-05
19380	3.046182e-05
19392	2.880527e-05
19404	3.024566e-05
19416	2.930349e-05
19428	2.89002e-05
19440	2.971611e-05
19452	2.991723e-05
19464	2.963668e-05
19476	2.967556e-05
19488	2.894234e-05
19500	2.96568e-05
19512	2.940667e-05
19524	2.925285e-05
19536	2.838008e-05
19548	2.932532e-05
19560	2.841941e-05
19572	2.928718e-05
19584	2.838511e-05
19596	2.769886e-05
19608	2.83387e-05
19620	2.790783e-05
19632	2.870661e-05
19644	2.865656e-05
19656	2.848951e-05
19668	2.79222e-05
19680	2.795158e-05
19692	2.837888e-05
19704	2.760704e-05
19716	2.808203e-05
19728	2.830436e-05
19740	2.72529e-05
19752	2.685951e-05
19764	2.773158e-05
19776	2.70078e-05
19788	2.677789e-05
19800	2.777823e-05
19812	2.71229e-05
19824	2.64279e-05
19836	2.64791e-05
19848	2.709773e-05
19860	2.626318e-05
19872	2.665682e-05
19884	2.760595e-05
19896	2.721327e-05
19908	2.63492e-05
19920	2.657757e-05
19932	2.725832e-05
19944	2.608194e-05
19956	2.594526e-05
19968	2.640651e-05
19980	2.604409e-05
19992	2.562707e-05
20004	2.736566e-05
20016	2.642213e-05
20028	2.663621e-05
20040	2.676567e-05
20052	2.548468e-05
20064	2.525708e-05
20076	2.556522e-05
20088	2.560857e-05
20100	2.596789e-05
20112	2.462387e-05
20124	2.604699e-05
20136	2.581328e-05
20148	2.463687e-05
20160	2.522602e-05
20172	2.479853e-05
20184	2.594894e-05
20196	2.544664e-05
20208	2.498955e-05
20220	2.521214e-05
20232	2.479518e-05
20244	2.49635e-05
20256	2.452409e-05
20268	2.44032e-05
20280	2.402981e-05
20292	2.393813e-05
20304	2.404113e-05
20316	2.453159e-05
20328	2.415953e-05
20340	2.377551e-05
20352	2.419955e-05
20364	2.395396e-05
20376	2.347151e-05
20388	2.357247e-05
20400	2.392164e-05
20412	2.425826e-05
20424	2.444086e-05
20436	2.371991e-05
20448	2.328535e-05
20460	2.268334e-05
20472	2.351186e-05
20484	2.349915e-05
20496	2.275068e-05
20508	2.271585e-05
20520	2.341814e-05
20532	2.30716e-05
20544	2.298958e-05
20556	2.266973e-05
20568	2.297513e-05
20580	2.19776e-05
20592	2.264258e-05
20604	2.257938e-05
20616	2.185529e-05
20628	2.165801e-05
20640	2.206775e-05
20652	2.259692e-05
20664	2.202965e-05
20676	2.171677e-05
20688	2.147455e-05
20700	2.208613e-05
20712	2.170721e-05
20724	2.165804e-05
20736	2.166404e-05
20748	2.169625e-05
20760	2.15253e-05
20772	2.159998e-05
20784	2.16459e-05
20796	2.146349e-05
20808	2.067995e-05
20820	2.105157e-05
20832	2.102881e-05
20844	2.040438e-05
20856	2.0866e-05
20868	2.038044e-05
20880	2.03838e-05
20892	2.061207e-05
20904	2.100897e-05
20916	2.073161e-05
20928	1.998178e-05
20940	2.095408e-05
20952	2.010307e-05
20964	2.044152e-05
20976	2.047125e-05
20988	1.981773e-05
21000	2.041684e-05
21012	1.947277e-05
21024	2.002585e-05
21036	1.988735e-05
21048	1.911054e-05
21060	1.948811e-05
21072	1.975827e-05
21084	1.960145e-05
21096	1.909469e-05
21108	1.925065e-05
21120	1.904177e-05
21132	1.885147e-05
21144	1.911977e-05
21156	1.909198e-05
21168	1.8398e-05
21180	1.890563e-05
21192	1.903717e-05
21204	1.843785e-05
21216	1.883919e-05
21228	1.846954e-05
21240	1.766826e-05
21252	1.821875e-05
21264	1.816021e-05
21276	1.835188e-05
21288	1.823199e-05
21300	1.784875e-05
21312	1.729056e-05
21324	1.784456e-05
21336	1.785443e-05
21348	1.72202e-05
21360	1.731232e-05
21372	1.759988e-05
21384	1.708129e-05
21396	1.746575e-05
21408	1.679754e-05
21420	1.724278e-05
21432	1.654488e-05
21444	1.741948e-05
21456	1.671004e-05
21468	1.6944e-05
21480	1.710642e-05
21492	1.700213e-05
21504	1.676125e-05
21516	1.676869e-05
21528	1.683674e-05
21540	1.649917e-05
21552	1.581578e-05
21564	1.616114e-05
21576	1.634156e-05
21588	1.608008e-05
21600	1.64072e-05
21612	1.570439e-05
21624	1.553866e-05
21636	1.570083e-05
21648	1.590868e-05
21660	1.588678e-05
21672	1.566733e-05
21684	1.557265e-05
21696	1.541631e-05
21708	1.550919e-05
21720	1.585395e-05
21732	1.545958e-05
21744	1.561461e-05
21756	1.535669e-05
21768	1.482438e-05
21780	1.523561e-05
21792	1.452182e-05
21804	1.463863e-05
21816	1.479033e-05
21828	1.463678e-05
21840	1.437422e-05
21852	1.462493e-05
21864	1.468899e-05
21876	1.398963e-05
21888	1.465698e-05
21900	1.416239e-05
21912	1.435904e-05
21924	1.381359e-05
21936	1.358832e-05
21948	1.388423e-05
21960	1.379946e-05
21972	1.350308e-05
21984	1.384578e-05
21996	1.354557e-05
22008	1.36695e-05
22020	1.346925e-05
22032	1.334119e-05
22044	1.324936e-05
22056	1.308504e-05
22068	1.346229e-05
22080	1.344754e-05
22092	1.29769e-05
22104	1.283438e-05
22116	1.305139e-05
22128	1.326459e-05
22140	1.308551e-05
22152	1.291847e-05
22164	1.226921e-05
22176	1.264615e-05
22188	1.286712e-05
22200	1.273505e-05
22212	1.252208e-05
22224	1.258849e-05
22236	1.224201e-05
22248	1.206124e-05
22260	1.183486e-05
22272	1.233825e-05
22284	1.195914e-05
22296	1.21029e-05
22308	1.201985e-05
22320	1.207193e-05
22332	1.15903e-05
22344	1.136094e-05
22356	1.184576e-05
22368	1.137171e-05
22380	1.134634e-05
22392	1.125125e-05
22404	1.132485e-05
22416	1.160063e-05
22428	1.139576e-05
22440	1.13766e-05
22452	1.132812e-05
22464	1.120404e-05
22476	1.095344e-05
22488	1.112909e-05
22500	1.11662e-05
22512	1.058051e-05
22524	1.111473e-05
22536	1.048835e-05
22548	1.078183e-05
22560	1.085389e-05
22572	1.06107e-05
22584	1.074252e-05
22596	1.036136e-05
22608	1.079691e-05
22620	1.04724e-05
22632	1.011571e-05
22644	1.040917e-05
22656	1.03187e-05
22668	1.045451e-05
22680	1.025073e-05
22692	9.965983e-06
22704	9.706596e-06
22716	1.025466e-05
22728	9.859938e-06
22740	9.933343e-06
22752	9.816662e-06
22764	9.778529e-06
22776	9.555081e-06
22788	9.368371e-06
22800	9.553624e-06
22812	9.521415e-06
22824	9.485711e-06
22836	9.470856e-06
22848	9.438391e-06
22860	9.700857e-06
22872	9.354466e-06
22884	9.160767e-06
22896	9.085857e-06
22908	9.024266e-06
22920	8.922509e-06
22932	8.97031e-06
22944	9.218767e-06
22956	8.84442e-06
22968	8.929718e-06
22980	9.120949e-06
22992	8.860029e-06
23004	8.817931e-06
23016	8.820774e-06
23028	8.929524e-06
23040	8.736324e-06
23052	8.598467e-06
23064	8.446897e-06
23076	8.380373e-06
23088	8.55895e-06
23100	8.32488e-06
23112	8.460028e-06
23124	8.405474e-06
23136	8.34948e-06
23148	8.399028e-06
23160	8.082014e-06
23172	8.276456e-06
23184	8.223719e-06
23196	7.832409e-06
23208	8.044689e-06
23220	7.909924e-06
23232	7.995012e-06
23244	7.888987e-06
23256	7.892785e-06
23268	7.663764e-06
23280	7.731508e-06
23292	7.592494e-06
23304	7.471177e-06
23316	7.727147e-06
23328	7.665451e-06
23340	7.648549e-06
23352	7.749578e-06
23364	7.522407e-06
23376	7.487194e-06
23388	7.596239e-06
23400	7.346216e-06
23412	7.437985e-06
23424	7.525584e-06
23436	7.381715e-06
23448	7.493749e-06
23460	7.530769e-06
23472	7.235255e-06
23484	7.424149e-06
23496	7.270658e-06
23508	7.263556e-06
23520	7.162338e-06
23532	6.972398e-06
23544	7.066907e-06
23556	7.12395e-06
23568	7.098723e-06
23580	6.960938e-06
23592	7.165251e-06
23604	7.006004e-06
23616	7.208072e-06
23628	7.192772e-06
23640	7.178877e-06
23652	6.899894e-06
23664	7.013965e-06
23676	7.076982e-06
23688	6.86783e-06
23700	6.80694e-06
23712	6.779939e-06
23724	6.830759e-06
23736	6.869946e-06
23748	6.822699e-06
23760	6.85955e-06
23772	7.003624e-06
23784	6.55941e-06
23796	6.820378e-06
23808	6.895717e-06
23820	6.597516e-06
23832	6.883005e-06
23844	6.617342e-06
23856	6.801998e-06
23868	6.542223e-06
23880	6.787401e-06
23892	6.882471e-06
23904	6.710352e-06
23916	6.666528e-06
23928	6.624137e-06
23940	6.751705e-06
23952	6.625244e-06
23964	6.703684e-06
23976	6.612661e-06
23988	6.531916e-06
24000	3.26604e-06
