0	0.0004413709
12	0.001238283
24	0.002088482
36	0.002939086
48	0.003727819
60	0.004279441
72	0.004708957
84	0.005205067
96	0.005457196
108	0.005669754
120	0.005888405
132	0.005902856
144	0.006161252
156	0.006198578
168	0.006298731
180	0.006300242
192	0.006323338
204	0.006404399
216	0.006504361
228	0.006375138
240	0.006468499
252	0.006362454
264	0.006355466
276	0.006316652
288	0.006177111
300	0.006173291
312	0.006213486
324	0.006119831
336	0.006069612
348	0.005961983
360	0.005956068
372	0.005939457
384	0.005881733
396	0.005900275
408	0.005685003
420	0.005782752
432	0.005727459
444	0.005642732
456	0.005548784
468	0.005441153
480	0.005383315
492	0.005381167
504	0.005320924
516	0.00538986
528	0.005390854
540	0.005320669
552	0.005196148
564	0.005113458
576	0.005082203
588	0.004989577
600	0.004887395
612	0.004899928
624	0.004882982
636	0.0048337
648	0.00479822
660	0.004655455
672	0.004663702
684	0.004698808
696	0.004625895
708	0.004513261
720	0.00438829
732	0.004444846
744	0.004465189
756	0.004338225
768	0.004396363
780	0.004251899
792	0.004178196
804	0.00424049
816	0.00407506
828	0.004025396
840	0.004053119
852	0.004000538
864	0.003962107
876	0.003963583
888	0.003908009
900	0.00388595
912	0.003793254
924	0.003774839
936	0.003734159
948	0.00373659
960	0.003722384
972	0.003634869
984	0.003634827
996	0.003604623
1008	0.003499984
1020	0.003507921
1032	0.003344347
1044	0.003427344
1056	0.00345355
1068	0.003441103
1080	0.003374866
1092	0.003335945
1104	0.003295135
1116	0.003315332
1128	0.003235087
1140	0.003232902
1152	0.003245048
1164	0.003164019
1176	0.003115366
1188	0.003072169
1200	0.003119451
1212	0.003024775
1224	0.003075745
1236	0.002989491
1248	0.002981754
1260	0.002959599
1272	0.002846252
1284	0.002928642
1296	0.002928717
1308	0.00291544
1320	0.002887516
1332	0.002774109
1344	0.002775541
1356	0.002776953
1368	0.00277048
1380	0.002706557
1392	0.002735657
1404	0.002733384
1416	0.002664227
1428	0.002621629
1440	0.002649763
1452	0.002627507
1464	0.002575648
1476	0.002578636
1488	0.002586386
1500	0.002575527
1512	0.002529889
1524	0.002527192
1536	0.002504096
1548	0.002495008
1560	0.002490823
1572	0.002430209
1584	0.002426364
1596	0.002386981
1608	0.002372206
1620	0.002391048
1632	0.002406033
1644	0.002352708
1656	0.00232018
1668	0.002356933
1680	0.002349528
1692	0.002260969
1704	0.002225072
1716	0.002253159
1728	0.002245429
1740	0.002203776
1752	0.002219525
1764	0.002226137
1776	0.00220088
1788	0.002218305
1800	0.00210291
1812	0.002171381
1824	0.002139978
1836	0.002110181
1848	0.002079488
1860	0.002083023
1872	0.002081667
1884	0.002112594
1896	0.002059078
1908	0.00203843
1920	0.002052675
1932	0.001956399
1944	0.002009212
1956	0.001988011
1968	0.001986279
1980	0.001976643
1992	0.002021461
2004	0.001958345
2016	0.001936653
2028	0.00196109
2040	0.00188759
2052	0.00192324
2064	0.001888158
2076	0.001897704
2088	0.001911338
2100	0.001875343
2112	0.0018534
2124	0.001854376
2136	0.001842377
2148	0.001800028
2160	0.001840541
2172	0.001814218
2184	0.001762807
2196	0.001783055
2208	0.001724051
2220	0.001759489
2232	0.001790154
2244	0.001794565
2256	0.001753101
2268	0.001719631
2280	0.001712441
2292	0.001721407
2304	0.001680934
2316	0.00170121
2328	0.00167913
2340	0.001692949
2352	0.001692676
2364	0.001691705
2376	0.001636023
2388	0.001683976
2400	0.001638475
2412	0.00167256
2424	0.001650712
2436	0.001623066
2448	0.001599644
2460	0.001593042
2472	0.001602488
2484	0.001622738
2496	0.001627934
2508	0.001579126
2520	0.001564731
2532	0.001543972
2544	0.001565527
2556	0.001547131
2568	0.001592102
2580	0.001554267
2592	0.001520501
2604	0.001519888
2616	0.001526452
2628	0.001512726
2640	0.001515198
2652	0.00148081
2664	0.001486851
2676	0.001478217
2688	0.001455366
2700	0.001474795
2712	0.001438975
2724	0.001439794
2736	0.001480236
2748	0.001426307
2760	0.00144295
2772	0.001436966
2784	0.001421866
2796	0.001447102
2808	0.001430143
2820	0.001447347
2832	0.001422072
2844	0.001381573
2856	0.001403463
2868	0.001378241
2880	0.001375997
2892	0.001387108
2904	0.00134902
2916	0.001357171
2928	0.001376127
2940	0.001377487
2952	0.001336492
2964	0.001339774
2976	0.00131767
2988	0.001361955
3000	0.001319521
3012	0.001363926
3024	0.001313365
3036	0.001347646
3048	0.001311676
3060	0.001267113
3072	0.001284663
3084	0.001277979
3096	0.001287454
3108	0.001282423
3120	0.001323585
3132	0.001290844
3144	0.001263357
3156	0.001287093
3168	0.001267981
3180	0.001271886
3192	0.001253431
3204	0.001231123
3216	0.001230976
3228	0.001234236
3240	0.001246996
3252	0.001250288
3264	0.001216419
3276	0.001236809
3288	0.001217561
3300	0.001205604
3312	0.001202387
3324	0.001178796
3336	0.001208456
3348	0.001196147
3360	0.001197302
3372	0.001156926
3384	0.001194885
3396	0.001171413
3408	0.001176887
3420	0.001163972
3432	0.00118025
3444	0.001202293
3456	0.001160583
3468	0.001179561
3480	0.001150528
3492	0.001148306
3504	0.001174453
3516	0.001154722
3528	0.00115611
3540	0.001136236
3552	0.00111156
3564	0.001127211
3576	0.001140493
3588	0.001104096
3600	0.001109753
3612	0.001106909
3624	0.001108729
3636	0.001133007
3648	0.001107519
3660	0.001107867
3672	0.001105619
3684	0.001083424
3696	0.001087127
3708	0.00110211
3720	0.001110484
3732	0.001104612
3744	0.001046838
3756	0.001079079
3768	0.001073845
3780	0.001085895
3792	0.001048926
3804	0.001096855
3816	0.001060534
3828	0.001025239
3840	0.001075979
3852	0.001064334
3864	0.001034657
3876	0.001068482
3888	0.001018813
3900	0.001040314
3912	0.001037859
3924	0.001018867
3936	0.001028671
3948	0.00104428
3960	0.00103558
3972	0.001032681
3984	0.001032572
3996	0.001004323
4008	0.001017128
4020	0.0009966951
4032	0.001006763
4044	0.001023307
4056	0.001022318
4068	0.001029084
4080	0.0009973811
4092	0.0009764286
4104	0.0009937338
4116	0.0009996515
4128	0.0009664544
4140	0.0009612495
4152	0.0009991246
4164	0.0009888794
4176	0.00097093
4188	0.0009735129
4200	0.0009613063
4212	0.0009715352
4224	0.0009671532
4236	0.0009614678
4248	0.0009582833
4260	0.000962081
4272	0.0009500748
4284	0.0009595414
4296	0.0009566899
4308	0.0009466129
4320	0.0009603495
4332	0.0009412413
4344	0.0009333625
4356	0.0009373855
4368	0.0009569269
4380	0.0009559021
4392	0.0009400126
4404	0.0009412113
4416	0.0009473455
4428	0.0009243538
4440	0.0009303159
4452	0.0009309396
4464	0.0009276588
4476	0.0009173541
4488	0.0009290171
4500	0.000906897
4512	0.0009138993
4524	0.0009017771
4536	0.0009134363
4548	0.0009344427
4560	0.0009199735
4572	0.0009183917
4584	0.000897757
4596	0.0008845596
4608	0.0009041863
4620	0.0008964388
4632	0.0008886839
4644	0.0009095266
4656	0.0008840371
4668	0.0008887637
4680	0.0008832431
4692	0.000889189
4704	0.000861723
4716	0.0008502883
4728	0.0008852634
4740	0.0008916892
4752	0.0008684695
4764	0.0008827926
4776	0.0008662711
4788	0.0008658736
4800	0.0008743602
4812	0.0008661069
4824	0.0008680375
4836	0.0008780499
4848	0.0008584851
4860	0.000857401
4872	0.0008574829
4884	0.0008382334
4896	0.0008610326
4908	0.0008390732
4920	0.000844527
4932	0.0008241801
4944	0.000851036
4956	0.0008281537
4968	0.0008472822
4980	0.0008161679
4992	0.0008496125
5004	0.0008298685
5016	0.0008365912
5028	0.0008284327
5040	0.000815421
5052	0.0008288498
5064	0.0008279287
5076	0.0008177506
5088	0.0008230701
5100	0.0008246428
5112	0.000802324
5124	0.0008428257
5136	0.000826783
5148	0.0008086251
5160	0.0008152596
5172	0.0008124355
5184	0.0008152873
5196	0.0008080296
5208	0.0008204546
5220	0.0007916144
5232	0.0007950754
5244	0.0007899725
5256	0.00079419
5268	0.0007946067
5280	0.0007923634
5292	0.0008042951
5304	0.0007871916
5316	0.0007955146
5328	0.0007894865
5340	0.0007963218
5352	0.0007833075
5364	0.0007844893
5376	0.0007871252
5388	0.0007834528
5400	0.0007817009
5412	0.0007782758
5424	0.0007736558
5436	0.0007824293
5448	0.0007774923
5460	0.0007629704
5472	0.000778158
5484	0.0007641282
5496	0.0007651288
5508	0.0007739958
5520	0.000755305
5532	0.0007614682
5544	0.0007734108
5556	0.0007609717
5568	0.0007662069
5580	0.000779598
5592	0.000773631
5604	0.0007584341
5616	0.0007499431
5628	0.0007596341
5640	0.0007820826
5652	0.0007525989
5664	0.0007420761
5676	0.0007519115
5688	0.0007504765
5700	0.0007472143
5712	0.0007338735
5724	0.0007601036
5736	0.0007402252
5748	0.0007396266
5760	0.0007522983
5772	0.000748311
5784	0.0007355835
5796	0.0007313901
5808	0.0007377963
5820	0.0007384556
5832	0.0007342406
5844	0.000724236
5856	0.0007287873
5868	0.000710971
5880	0.0007166524
5892	0.0007117552
5904	0.0007322251
5916	0.0007344205
5928	0.0007185704
5940	0.0007145182
5952	0.0007103317
5964	0.0007247171
5976	0.0007083809
5988	0.0007087932
6000	0.0007074087
6012	0.0007162775
6024	0.0006889348
6036	0.000703781
6048	0.0007113573
6060	0.0006966371
6072	0.0006988153
6084	0.0006983487
6096	0.0007072006
6108	0.0006940739
6120	0.0007195765
6132	0.0007018521
6144	0.0006921031
6156	0.0006945604
6168	0.0006846527
6180	0.0006931875
6192	0.0006927669
6204	0.000678596
6216	0.0006675586
6228	0.0006869686
6240	0.0006978558
6252	0.0006913145
6264	0.0006744845
6276	0.0006884444
6288	0.000672741
6300	0.0006802556
6312	0.000687405
6324	0.0006687748
6336	0.0006570142
6348	0.0006689247
6360	0.0006814072
6372	0.0006642044
6384	0.0006633684
6396	0.0006759562
6408	0.00066665
6420	0.0006611591
6432	0.0006547885
6444	0.000667515
6456	0.0006599191
6468	0.0006524137
6480	0.0006566366
6492	0.0006607436
6504	0.0006547006
6516	0.0006382422
6528	0.0006733094
6540	0.000653927
6552	0.0006712163
6564	0.0006357389
6576	0.0006462643
6588	0.0006532356
6600	0.0006453218
6612	0.0006493967
6624	0.0006515457
6636	0.0006593936
6648	0.0006468035
6660	0.0006406716
6672	0.0006543706
6684	0.0006398876
6696	0.0006440828
6708	0.0006272746
6720	0.0006351657
6732	0.0006464173
6744	0.0006299943
6756	0.000654579
6768	0.00063946
6780	0.0006309246
6792	0.0006354838
6804	0.0006174193
6816	0.0006232522
6828	0.0006281961
6840	0.0006239663
6852	0.0006321654
6864	0.0006192519
6876	0.0006156996
6888	0.0006213073
6900	0.0006260364
6912	0.0006169724
6924	0.0006274049
6936	0.0006155292
6948	0.0006133086
6960	0.0006075023
6972	0.0006118565
6984	0.0006157248
6996	0.0006212358
7008	0.0006099275
7020	0.0006023519
7032	0.0006086959
7044	0.0006108015
7056	0.0006047384
7068	0.0006006085
7080	0.0006154067
7092	0.0005880249
7104	0.0005955127
7116	0.0005956162
7128	0.0006200695
7140	0.0006073107
7152	0.0006046465
7164	0.0006007421
7176	0.0005994204
7188	0.0005890511
7200	0.0005906759
7212	0.00059259
7224	0.0005871414
7236	0.0005964952
7248	0.000586297
7260	0.000592233
7272	0.0005942071
7284	0.0005871145
7296	0.000583177
7308	0.0005820229
7320	0.0005883873
7332	0.0005828665
7344	0.0005777727
7356	0.0005911728
7368	0.0005793343
7380	0.0005784465
7392	0.0005732865
7404	0.00057472
7416	0.000571785
7428	0.000584845
7440	0.0005694188
7452	0.0005807769
7464	0.0005697067
7476	0.0005649049
7488	0.0005833641
7500	0.0005768868
7512	0.0005722237
7524	0.0005680739
7536	0.0005694083
7548	0.0005693834
7560	0.0005625539
7572	0.0005698529
7584	0.000562416
7596	0.0005630357
7608	0.0005590349
7620	0.0005675488
7632	0.000538554
7644	0.0005558584
7656	0.0005613772
7668	0.0005630573
7680	0.0005674298
7692	0.0005549465
7704	0.0005512544
7716	0.0005543205
7728	0.0005481457
7740	0.0005412155
7752	0.0005604012
7764	0.0005382995
7776	0.0005420251
7788	0.0005515928
7800	0.0005514298
7812	0.0005559034
7824	0.0005457349
7836	0.0005533922
7848	0.0005475197
7860	0.0005396236
7872	0.0005389094
7884	0.0005367263
7896	0.00053561
7908	0.0005439467
7920	0.0005417763
7932	0.0005320604
7944	0.0005360403
7956	0.0005319213
7968	0.0005282142
7980	0.0005331296
7992	0.0005309742
8004	0.0005372431
8016	0.0005168628
8028	0.0005301796
8040	0.0005322093
8052	0.0005292063
8064	0.0005340991
8076	0.0005252365
8088	0.0005254474
8100	0.0005264227
8112	0.0005319383
8124	0.0005233579
8136	0.0005090178
8148	0.0005151829
8160	0.0005228386
8172	0.0005078114
8184	0.0005232489
8196	0.0005061182
8208	0.0005149784
8220	0.0005196527
8232	0.0005069967
8244	0.0005205759
8256	0.0005178882
8268	0.0005154656
8280	0.0005103427
8292	0.0005122497
8304	0.0005187525
8316	0.000506032
8328	0.0004955867
8340	0.0005100109
8352	0.0005036151
8364	0.000503886
8376	0.0004989786
8388	0.0005021398
8400	0.0004992044
8412	0.0005060463
8424	0.0005120871
8436	0.0004937741
8448	0.000493778
8460	0.000495191
8472	0.000499538
8484	0.0004913593
8496	0.0005000927
8508	0.0004991033
8520	0.0004927535
8532	0.0004853476
8544	0.0004853075
8556	0.0005024614
8568	0.0004905968
8580	0.0005032336
8592	0.0004804176
8604	0.0004831384
8616	0.0005006306
8628	0.0004932754
8640	0.0004854332
8652	0.0004889136
8664	0.0004932985
8676	0.0004966724
8688	0.0004811968
8700	0.0004821691
8712	0.0004908463
8724	0.0004808194
8736	0.0004861921
8748	0.0004824412
8760	0.0004759564
8772	0.0004786064
8784	0.0004791111
8796	0.0004731736
8808	0.0004699586
8820	0.0004864704
8832	0.0004762488
8844	0.0004808971
8856	0.0004699446
8868	0.0004721557
8880	0.0004712248
8892	0.0004690122
8904	0.0004690539
8916	0.0004621738
8928	0.0004648396
8940	0.0004780925
8952	0.0004763676
8964	0.000471627
8976	0.0004699991
8988	0.0004643689
9000	0.0004659294
9012	0.0004714164
9024	0.00046699
9036	0.0004598798
9048	0.0004673391
9060	0.0004634494
9072	0.0004668059
9084	0.0004622983
9096	0.0004595672
9108	0.0004567739
9120	0.0004566596
9132	0.0004627882
9144	0.0004596215
9156	0.0004660427
9168	0.0004678459
9180	0.0004546974
9192	0.0004551163
9204	0.0004603334
9216	0.0004578836
9228	0.0004662415
9240	0.000464
9252	0.0004662016
9264	0.0004522686
9276	0.0004526212
9288	0.0004590187
9300	0.0004526106
9312	0.0004443256
9324	0.0004524846
9336	0.0004475908
9348	0.0004501201
9360	0.0004610998
9372	0.000453048
9384	0.0004435405
9396	0.000445168
9408	0.0004511455
9420	0.000441599
9432	0.0004412657
9444	0.0004473756
9456	0.0004380562
9468	0.0004334333
9480	0.0004481882
9492	0.0004337812
9504	0.0004399801
9516	0.000448005
9528	0.0004339125
9540	0.0004387682
9552	0.0004420291
9564	0.0004466734
9576	0.0004401116
9588	0.0004336829
9600	0.0004410748
9612	0.0004385849
9624	0.0004343512
9636	0.0004409632
9648	0.000423824
9660	0.0004397472
9672	0.0004351485
9684	0.0004315607
9696	0.0004350667
9708	0.0004220921
9720	0.0004355027
9732	0.0004311339
9744	0.0004379949
9756	0.0004338318
9768	0.0004376032
9780	0.0004334139
9792	0.0004286434
9804	0.0004315141
9816	0.0004180349
9828	0.0004346483
9840	0.0004369789
9852	0.000425744
9864	0.0004270204
9876	0.0004183462
9888	0.0004211322
9900	0.0004198068
9912	0.000420992
9924	0.0004255282
9936	0.0004264485
9948	0.0004106803
9960	0.0004129238
9972	0.0004204689
9984	0.0004225375
9996	0.000419485
10008	0.0004148635
10020	0.0004271847
10032	0.0004208116
10044	0.0004139492
10056	0.000412186
10068	0.0004202642
10080	0.0004246944
10092	0.0004147343
10104	0.0004056954
10116	0.0004202319
10128	0.0004151481
10140	0.0004024977
10152	0.0004183751
10164	0.0004144477
10176	0.0004070065
10188	0.0004119801
10200	0.0004193716
10212	0.0003985559
10224	0.0004113103
10236	0.000418556
10248	0.0004151033
10260	0.0004137768
10272	0.0004100625
10284	0.0004149059
10296	0.0004133026
10308	0.0004040556
10320	0.0004235237
10332	0.0004091159
10344	0.0003956436
10356	0.0004031777
10368	0.0003941778
10380	0.0004041016
10392	0.0004098321
10404	0.0004042489
10416	0.0003941017
10428	0.0004011318
10440	0.0004064179
10452	0.000404517
10464	0.0004077504
10476	0.0004064518
10488	0.0004040325
10500	0.0004075657
10512	0.0004108486
10524	0.0004031039
10536	0.0004036019
10548	0.0003977692
10560	0.00039292
10572	0.0003977541
10584	0.0003973262
10596	0.0003831802
10608	0.0004108096
10620	0.0003937499
10632	0.0003931963
10644	0.0003945299
10656	0.0003925371
10668	0.0003893099
10680	0.0003933274
10692	0.0003913581
10704	0.0003839184
10716	0.0003949454
10728	0.0003941776
10740	0.0003900974
10752	0.000388804
10764	0.0003934117
10776	0.0003916229
10788	0.0003933284
10800	0.0003840967
10812	0.000384359
10824	0.0003903052
10836	0.0003842012
10848	0.0003850436
10860	0.0003828364
10872	0.0003870254
10884	0.0003859058
10896	0.000391403
10908	0.0003882624
10920	0.0003783029
10932	0.0003830505
10944	0.000388348
10956	0.0003788534
10968	0.0003845311
10980	0.0003813572
10992	0.000385405
11004	0.0003784194
11016	0.0003813373
11028	0.000383668
11040	0.0003797269
11052	0.0003776675
11064	0.0003768142
11076	0.00038361
11088	0.000382654
11100	0.0003848101
11112	0.0003866024
11124	0.0003754918
11136	0.0003798248
11148	0.0003737602
11160	0.0003841482
11172	0.0003829447
11184	0.00037706
11196	0.0003756386
11208	0.0003763297
11220	0.0003763588
11232	0.0003759096
11244	0.0003755953
11256	0.0003745939
11268	0.0003826529
11280	0.000374476
11292	0.0003719846
11304	0.0003757169
11316	0.0003705678
11328	0.000367571
11340	0.0003661732
11352	0.0003697288
11364	0.0003712616
11376	0.0003712171
11388	0.0003680565
11400	0.0003765647
11412	0.0003627989
11424	0.0003695139
11436	0.0003699679
11448	0.0003702455
11460	0.0003737603
11472	0.0003674659
11484	0.0003726534
11496	0.0003696007
11508	0.0003679216
11520	0.000372695
11532	0.0003638186
11544	0.0003640333
11556	0.0003623058
11568	0.0003693831
11580	0.00035998
11592	0.0003705222
11604	0.000358283
11616	0.0003646371
11628	0.0003686057
11640	0.000361212
11652	0.0003583443
11664	0.0003695515
11676	0.0003606793
11688	0.000359854
11700	0.000363401
11712	0.0003602844
11724	0.000362435
11736	0.0003585414
11748	0.0003570171
11760	0.0003529656
11772	0.0003574069
11784	0.0003576337
11796	0.0003578092
11808	0.0003575685
11820	0.0003574118
11832	0.0003595298
11844	0.0003567483
11856	0.0003577741
11868	0.0003540135
11880	0.0003558493
11892	0.0003513779
11904	0.0003507457
11916	0.0003557532
11928	0.000348911
11940	0.0003496119
11952	0.0003571215
11964	0.0003540639
11976	0.0003544751
11988	0.0003455402
12000	0.0003502482
12012	0.0003498323
12024	0.0003497649
12036	0.0003485679
12048	0.0003490082
12060	0.0003449764
12072	0.0003500253
12084	0.000344771
12096	0.0003488943
12108	0.0003490981
12120	0.0003387968
12132	0.0003500427
12144	0.0003506338
12156	0.000337628
12168	0.0003500727
12180	0.0003490355
12192	0.0003447452
12204	0.0003451437
12216	0.0003419716
12228	0.0003485018
12240	0.0003422555
12252	0.0003421995
12264	0.0003273553
12276	0.0003479904
12288	0.0003495482
12300	0.000350476
12312	0.0003409975
12324	0.000349336
12336	0.0003428221
12348	0.0003420505
12360	0.0003349058
12372	0.0003413738
12384	0.0003380685
12396	0.0003403349
12408	0.0003424372
12420	0.0003319521
12432	0.0003379351
12444	0.0003301706
12456	0.0003382025
12468	0.0003396085
12480	0.0003376674
12492	0.0003363317
12504	0.0003301538
12516	0.0003301248
12528	0.0003382501
12540	0.0003328896
12552	0.0003286059
12564	0.0003341852
12576	0.0003358313
12588	0.0003358351
12600	0.0003240664
12612	0.0003339159
12624	0.0003302698
12636	0.0003239283
12648	0.000336272
12660	0.0003321701
12672	0.0003347941
12684	0.0003214986
12696	0.0003284584
12708	0.0003268091
12720	0.0003275999
12732	0.0003194129
12744	0.0003258972
12756	0.000321485
12768	0.0003316059
12780	0.0003161124
12792	0.0003245821
12804	0.0003293906
12816	0.0003188036
12828	0.0003251738
12840	0.0003217998
12852	0.0003198646
12864	0.0003243348
12876	0.0003203231
12888	0.0003221664
12900	0.0003215389
12912	0.0003280551
12924	0.0003205916
12936	0.0003178561
12948	0.0003236878
12960	0.0003200977
12972	0.0003246776
12984	0.0003178453
12996	0.0003175597
13008	0.0003207535
13020	0.0003178269
13032	0.0003211722
13044	0.0003105155
13056	0.0003177858
13068	0.0003126485
13080	0.0003161472
13092	0.0003183716
13104	0.0003173532
13116	0.0003166485
13128	0.0003057115
13140	0.0003119815
13152	0.0003175877
13164	0.0003034309
13176	0.0003165802
13188	0.0003103138
13200	0.0003141321
13212	0.0003100694
13224	0.0003133116
13236	0.0003089409
13248	0.0003149369
13260	0.0003094571
13272	0.0003117023
13284	0.0003022477
13296	0.0003119452
13308	0.0003038942
13320	0.0003102719
13332	0.0003054356
13344	0.0003060694
13356	0.000303739
13368	0.0003100304
13380	0.0003049938
13392	0.0003093575
13404	0.0003056419
13416	0.0003082215
13428	0.0003094531
13440	0.0003052794
13452	0.0003027271
13464	0.0003057902
13476	0.0003031339
13488	0.0003034175
13500	0.0002959816
13512	0.0003056088
13524	0.0002978189
13536	0.0003015727
13548	0.0003005986
13560	0.0003050471
13572	0.0002982529
13584	0.0002987112
13596	0.0002948581
13608	0.0003009673
13620	0.0002934066
13632	0.0002949905
13644	0.0002937712
13656	0.0002939973
13668	0.0002973229
13680	0.0002947234
13692	0.0002958082
13704	0.0002955442
13716	0.0002987316
13728	0.0002918883
13740	0.0002996204
13752	0.0002946478
13764	0.0002900545
13776	0.0002947758
13788	0.0002949258
13800	0.0002876359
13812	0.0002928035
13824	0.0002920499
13836	0.0002857158
13848	0.0002896024
13860	0.000290274
13872	0.0002908397
13884	0.0002881978
13896	0.0002886328
13908	0.0002862285
13920	0.0002864214
13932	0.0002894827
13944	0.0002921976
13956	0.0002873714
13968	0.0002864182
13980	0.0002857215
13992	0.0002861106
14004	0.0002861917
14016	0.0002835721
14028	0.0002887692
14040	0.0002819989
14052	0.0002849437
14064	0.0002767182
14076	0.0002844158
14088	0.0002814677
14100	0.0002827971
14112	0.0002825625
14124	0.0002784079
14136	0.0002813363
14148	0.0002821622
14160	0.0002778616
14172	0.0002908423
14184	0.0002775499
14196	0.0002779888
14208	0.0002818724
14220	0.0002787104
14232	0.000271601
14244	0.0002750902
14256	0.0002772131
14268	0.0002820316
14280	0.0002731267
14292	0.0002763276
14304	0.0002741132
14316	0.0002809946
14328	0.0002753686
14340	0.0002732348
14352	0.0002671618
14364	0.0002690075
14376	0.0002721561
14388	0.000270641
14400	0.0002715943
14412	0.0002685889
14424	0.0002747518
14436	0.0002716891
14448	0.0002738277
14460	0.000268742
14472	0.0002680829
14484	0.0002713748
14496	0.0002707542
14508	0.0002703394
14520	0.0002745639
14532	0.0002676099
14544	0.0002660926
14556	0.0002636745
14568	0.0002697142
14580	0.0002704147
14592	0.0002655339
14604	0.0002668225
14616	0.0002622649
14628	0.0002617631
14640	0.0002669889
14652	0.0002593171
14664	0.0002668373
14676	0.00026122
14688	0.0002629465
14700	0.0002633746
14712	0.0002657272
14724	0.0002608899
14736	0.0002561539
14748	0.0002599344
14760	0.000262352
14772	0.0002568375
14784	0.0002630811
14796	0.0002624886
14808	0.0002613298
14820	0.0002560921
14832	0.0002564132
14844	0.00026074
14856	0.0002609624
14868	0.0002596634
14880	0.0002568908
14892	0.0002586617
14904	0.0002564842
14916	0.0002543247
14928	0.0002573561
14940	0.0002531346
14952	0.0002547163
14964	0.0002530373
14976	0.0002556892
14988	0.0002528453
15000	0.000257479
15012	0.0002535887
15024	0.0002520104
15036	0.000251135
15048	0.0002517208
15060	0.000249733
15072	0.0002538488
15084	0.0002507352
15096	0.0002480209
15108	0.0002475994
15120	0.000245409
15132	0.0002491135
15144	0.0002477221
15156	0.0002544228
15168	0.0002473092
15180	0.0002430335
15192	0.0002434307
15204	0.000249961
15216	0.0002421938
15228	0.0002454848
15240	0.0002495243
15252	0.0002444313
15264	0.0002399115
15276	0.0002429918
15288	0.0002449097
15300	0.0002455452
15312	0.0002480506
15324	0.0002416335
15336	0.000242596
15348	0.000239589
15360	0.0002494568
15372	0.0002454189
15384	0.0002398655
15396	0.0002440644
15408	0.0002460896
15420	0.000238014
15432	0.0002441253
15444	0.0002429657
15456	0.0002449545
15468	0.0002451211
15480	0.000243556
15492	0.0002362838
15504	0.0002422442
15516	0.0002358571
15528	0.0002393737
15540	0.0002358238
15552	0.0002416549
15564	0.0002434646
15576	0.0002383176
15588	0.0002374585
15600	0.0002412998
15612	0.0002412539
15624	0.0002381814
15636	0.0002305505
15648	0.0002378119
15660	0.0002328949
15672	0.0002335308
15684	0.0002356294
15696	0.0002334895
15708	0.0002318443
15720	0.0002321943
15732	0.0002327149
15744	0.0002310263
15756	0.0002373639
15768	0.0002339517
15780	0.0002329733
15792	0.0002317771
15804	0.0002390025
15816	0.0002371329
15828	0.0002334301
15840	0.0002307152
15852	0.0002289833
15864	0.0002356371
15876	0.0002269806
15888	0.0002267502
15900	0.0002253586
15912	0.0002366237
15924	0.0002277238
15936	0.0002286811
15948	0.0002286111
15960	0.0002306424
15972	0.000227529
15984	0.0002250928
15996	0.0002265896
16008	0.0002273001
16020	0.0002274783
16032	0.0002236257
16044	0.0002283951
16056	0.0002286192
16068	0.0002292645
16080	0.0002296259
16092	0.0002303542
16104	0.0002212113
16116	0.0002245346
16128	0.0002287411
16140	0.0002293726
16152	0.0002269969
16164	0.0002239018
16176	0.000224229
16188	0.0002228632
16200	0.0002247513
16212	0.0002236554
16224	0.0002209496
16236	0.0002220092
16248	0.0002210067
16260	0.000222345
16272	0.0002246656
16284	0.0002208866
16296	0.0002257609
16308	0.0002218146
16320	0.0002200836
16332	0.0002229173
16344	0.000225369
16356	0.0002206202
16368	0.0002199826
16380	0.0002185669
16392	0.0002211979
16404	0.0002200712
16416	0.0002187944
16428	0.0002244204
16440	0.000217035
16452	0.0002184912
16464	0.0002186061
16476	0.0002197652
16488	0.000219971
16500	0.0002156518
16512	0.0002116592
16524	0.0002182687
16536	0.000215437
16548	0.0002152342
16560	0.0002131941
16572	0.0002184284
16584	0.000215157
16596	0.0002158411
16608	0.0002142095
16620	0.0002129307
16632	0.0002152018
16644	0.0002119583
16656	0.0002141665
16668	0.0002155027
16680	0.0002173476
16692	0.0002175551
16704	0.0002108971
16716	0.0002099369
16728	0.0002140477
16740	0.0002116489
16752	0.0002110045
16764	0.0002150758
16776	0.0002121102
16788	0.000213357
16800	0.0002137671
16812	0.0002116069
16824	0.0002061557
16836	0.0002112186
16848	0.0002120538
16860	0.000213025
16872	0.0002135497
16884	0.00021005
16896	0.0002177331
16908	0.000209574
16920	0.000213602
16932	0.0002090649
16944	0.0002082308
16956	0.0002067828
16968	0.0002059477
16980	0.0002102593
16992	0.000206071
17004	0.0002034924
17016	0.000208337
17028	0.0002059477
17040	0.0002075384
17052	0.0002056673
17064	0.0002042089
17076	0.0002032332
17088	0.0002041228
17100	0.0002031033
17112	0.0002077355
17124	0.0002045301
17136	0.0002044709
17148	0.0002077454
17160	0.0002024846
17172	0.0002051342
17184	0.0002027289
17196	0.0002009861
17208	0.0002017231
17220	0.0002050692
17232	0.0001997126
17244	0.0002071877
17256	0.0002051332
17268	0.0002046227
17280	0.0002038352
17292	0.0002016109
17304	0.0002011324
17316	0.0001945963
17328	0.0001984744
17340	0.0002030452
17352	0.0002022389
17364	0.0002026797
17376	0.0001997933
17388	0.0001999255
17400	0.0002008657
17412	0.0001999273
17424	0.0001974621
17436	0.0001977796
17448	0.0001979168
17460	0.000197095
17472	0.0002022144
17484	0.0001982147
17496	0.000195918
17508	0.0001995607
17520	0.0002001178
17532	0.0001905748
17544	0.0001987589
17556	0.0001973974
17568	0.0001996498
17580	0.0001989863
17592	0.0001972884
17604	0.0001973973
17616	0.0001998065
17628	0.0001984797
17640	0.0001974268
17652	0.0001996408
17664	0.0001968867
17676	0.0001938458
17688	0.0001949728
17700	0.0001915117
17712	0.0001924601
17724	0.0001953389
17736	0.0001908499
17748	0.0001960051
17760	0.0001915508
17772	0.0001899824
17784	0.000193923
17796	0.0001937976
17808	0.0001901925
17820	0.000192324
17832	0.0001920759
17844	0.0001900424
17856	0.0001886347
17868	0.0001869898
17880	0.0001908989
17892	0.000184472
17904	0.0001921401
17916	0.0001866026
17928	0.0001855996
17940	0.0001886257
17952	0.0001901032
17964	0.0001851638
17976	0.0001864579
17988	0.0001837776
18000	0.0001883286
18012	0.0001892322
18024	0.0001868487
18036	0.0001844293
18048	0.0001861551
18060	0.0001864446
18072	0.0001832109
18084	0.000186401
18096	0.0001832566
18108	0.0001836681
18120	0.0001863392
18132	0.0001854266
18144	0.0001844503
18156	0.0001840894
18168	0.000183517
18180	0.0001831813
18192	0.0001843876
18204	0.000180869
18216	0.0001822235
18228	0.0001811362
18240	0.0001811773
18252	0.0001796892
18264	0.0001833897
18276	0.0001800311
18288	0.0001814973
18300	0.0001781683
18312	0.0001789282
18324	0.000177638
18336	0.000176714
18348	0.0001796305
18360	0.000178144
18372	0.0001776382
18384	0.0001805829
18396	0.0001780762
18408	0.0001791712
18420	0.0001758664
18432	0.0001772197
18444	0.0001794969
18456	0.000177462
18468	0.0001760445
18480	0.0001803926
18492	0.000174789
18504	0.0001760282
18516	0.000175198
18528	0.0001752949
18540	0.0001768371
18552	0.0001754691
18564	0.0001760082
18576	0.0001756515
18588	0.0001760012
18600	0.0001710867
18612	0.0001733021
18624	0.0001733624
18636	0.0001737321
18648	0.0001737481
18660	0.0001718471
18672	0.0001700088
18684	0.0001711966
18696	0.0001694688
18708	0.0001735464
18720	0.0001668751
18732	0.0001712474
18744	0.0001695698
18756	0.0001714319
18768	0.0001684289
18780	0.0001690889
18792	0.0001697727
18804	0.0001670118
18816	0.0001652762
18828	0.0001669167
18840	0.0001633813
18852	0.0001703316
18864	0.0001690731
18876	0.0001662738
18888	0.0001649879
18900	0.000166033
18912	0.0001602726
18924	0.0001661487
18936	0.0001637817
18948	0.0001617595
18960	0.0001637154
18972	0.0001645632
18984	0.0001638225
18996	0.0001625524
19008	0.0001630947
19020	0.0001640077
19032	0.0001625358
19044	0.0001578055
19056	0.0001633186
19068	0.0001610894
19080	0.0001624289
19092	0.0001604691
19104	0.0001582311
19116	0.0001569855
19128	0.0001576057
19140	0.0001577062
19152	0.000158189
19164	0.00015789
19176	0.0001574764
19188	0.0001588417
19200	0.0001569463
19212	0.000156169
19224	0.0001593057
19236	0.0001557996
19248	0.0001534642
19260	0.0001581316
19272	0.0001542189
19284	0.0001545725
19296	0.0001548864
19308	0.0001521568
19320	0.0001526421
19332	0.0001542891
19344	0.0001514062
19356	0.0001504169
19368	0.0001481093
19380	0.0001481333
19392	0.0001550149
19404	0.0001524878
19416	0.0001464682
19428	0.0001511597
19440	0.0001508283
19452	0.0001487634
19464	0.0001488625
19476	0.0001463358
19488	0.0001503497
19500	0.0001493682
19512	0.0001465184
19524	0.0001479841
19536	0.0001486354
19548	0.0001455263
19560	0.0001456377
19572	0.0001469938
19584	0.0001439608
19596	0.0001442502
19608	0.0001435353
19620	0.0001458378
19632	0.0001454404
19644	0.0001446411
19656	0.0001418762
19668	0.000141971
19680	0.0001429703
19692	0.0001414995
19704	0.000140312
19716	0.0001407444
19728	0.0001437789
19740	0.000137828
19752	0.0001409391
19764	0.0001417655
19776	0.0001406697
19788	0.0001396902
19800	0.0001396458
19812	0.0001374687
19824	0.0001393328
19836	0.0001354002
19848	0.0001368543
19860	0.0001364194
19872	0.0001337186
19884	0.0001358922
19896	0.0001359697
19908	0.0001353782
19920	0.0001355849
19932	0.000131598
19944	0.00013207
19956	0.0001358172
19968	0.0001348889
19980	0.0001313584
19992	0.0001302614
20004	0.0001307799
20016	0.000132104
20028	0.0001303328
20040	0.0001280107
20052	0.0001307282
20064	0.000129218
20076	0.000128667
20088	0.0001279883
20100	0.0001270628
20112	0.0001287213
20124	0.0001269817
20136	0.0001276354
20148	0.0001235995
20160	0.0001285676
20172	0.0001252187
20184	0.0001235733
20196	0.0001239631
20208	0.0001224777
20220	0.0001237286
20232	0.0001244542
20244	0.0001212708
20256	0.0001234133
20268	0.0001235828
20280	0.0001207305
20292	0.000119445
20304	0.0001216841
20316	0.0001217839
20328	0.0001191698
20340	0.0001201337
20352	0.0001218159
20364	0.0001196027
20376	0.0001196376
20388	0.0001190931
20400	0.0001167629
20412	0.0001175804
20424	0.0001172007
20436	0.0001154017
20448	0.0001156911
20460	0.0001171531
20472	0.0001159479
20484	0.0001145075
20496	0.0001126787
20508	0.0001147037
20520	0.0001142717
20532	0.0001136978
20544	0.0001118142
20556	0.0001142039
20568	0.0001093609
20580	0.0001113386
20592	0.0001113907
20604	0.0001128291
20616	0.0001083341
20628	0.0001082238
20640	0.0001087004
20652	0.0001106368
20664	0.0001094128
20676	0.0001084604
20688	0.0001065895
20700	0.0001068792
20712	0.0001073177
20724	0.0001086096
20736	0.0001085207
20748	0.0001022973
20760	0.0001050192
20772	0.0001046416
20784	0.0001055223
20796	0.000102763
20808	0.0001027957
20820	0.0001036493
20832	0.0001024532
20844	0.0001034361
20856	0.0001008825
20868	0.0001014156
20880	0.0001014369
20892	0.000101251
20904	9.917773e-05
20916	9.934341e-05
20928	9.977871e-05
20940	9.902001e-05
20952	9.766363e-05
20964	9.631766e-05
20976	9.928963e-05
20988	9.834464e-05
21000	9.482336e-05
21012	9.547769e-05
21024	9.443008e-05
21036	9.607449e-05
21048	9.729566e-05
21060	9.505896e-05
21072	9.422756e-05
21084	9.150583e-05
21096	9.27595e-05
21108	9.204175e-05
21120	9.18328e-05
21132	9.15992e-05
21144	9.381914e-05
21156	9.231616e-05
21168	8.976956e-05
21180	9.034258e-05
21192	9.025637e-05
21204	9.132372e-05
21216	8.953667e-05
21228	8.925464e-05
21240	8.940845e-05
21252	8.821564e-05
21264	8.642306e-05
21276	8.744846e-05
21288	8.664594e-05
21300	8.68051e-05
21312	8.44828e-05
21324	8.545742e-05
21336	8.55719e-05
21348	8.506697e-05
21360	8.4442e-05
21372	8.612277e-05
21384	8.296677e-05
21396	8.283454e-05
21408	8.287928e-05
21420	8.171786e-05
21432	8.260937e-05
21444	8.106678e-05
21456	8.103671e-05
21468	7.983464e-05
21480	8.125534e-05
21492	8.046546e-05
21504	7.89991e-05
21516	8.032526e-05
21528	7.974121e-05
21540	7.726738e-05
21552	7.949243e-05
21564	7.778928e-05
21576	7.732944e-05
21588	7.684345e-05
21600	7.690236e-05
21612	7.600994e-05
21624	7.776675e-05
21636	7.564484e-05
21648	7.562011e-05
21660	7.52288e-05
21672	7.15421e-05
21684	7.292966e-05
21696	7.387534e-05
21708	7.398008e-05
21720	7.317939e-05
21732	7.209387e-05
21744	7.108829e-05
21756	7.212809e-05
21768	7.202641e-05
21780	7.059359e-05
21792	6.890789e-05
21804	6.91165e-05
21816	7.007652e-05
21828	6.919446e-05
21840	6.810611e-05
21852	6.734561e-05
21864	6.883286e-05
21876	6.688934e-05
21888	6.659645e-05
21900	6.596046e-05
21912	6.631278e-05
21924	6.651345e-05
21936	6.637826e-05
21948	6.556165e-05
21960	6.488631e-05
21972	6.486219e-05
21984	6.467451e-05
21996	6.561316e-05
22008	6.444778e-05
22020	6.237e-05
22032	6.261451e-05
22044	6.179177e-05
22056	6.195607e-05
22068	6.137817e-05
22080	6.020576e-05
22092	6.150496e-05
22104	6.064929e-05
22116	5.988283e-05
22128	6.107006e-05
22140	6.045693e-05
22152	5.910772e-05
22164	5.83854e-05
22176	6.006023e-05
22188	5.858794e-05
22200	5.856844e-05
22212	5.770105e-05
22224	5.733361e-05
22236	5.777892e-05
22248	5.537687e-05
22260	5.609309e-05
22272	5.475299e-05
22284	5.483529e-05
22296	5.564982e-05
22308	5.595906e-05
22320	5.439128e-05
22332	5.516397e-05
22344	5.523384e-05
22356	5.324859e-05
22368	5.236069e-05
22380	5.296645e-05
22392	5.26113e-05
22404	5.159401e-05
22416	5.228284e-05
22428	5.188899e-05
22440	5.067943e-05
22452	5.163854e-05
22464	5.098757e-05
22476	5.012565e-05
22488	5.012089e-05
22500	5.018352e-05
22512	4.920584e-05
22524	4.889207e-05
22536	4.92639e-05
22548	4.810006e-05
22560	4.823401e-05
22572	4.86677e-05
22584	4.810929e-05
22596	4.749394e-05
22608	4.694103e-05
22620	4.675896e-05
22632	4.637515e-05
22644	4.633534e-05
22656	4.586423e-05
22668	4.6258e-05
22680	4.603246e-05
22692	4.495939e-05
22704	4.46791e-05
22716	4.35688e-05
22728	4.443162e-05
22740	4.39133e-05
22752	4.414388e-05
22764	4.329395e-05
22776	4.290108e-05
22788	4.288562e-05
22800	4.20553e-05
22812	4.233237e-05
22824	4.194663e-05
22836	4.126607e-05
22848	4.132751e-05
22860	4.140037e-05
22872	4.053963e-05
22884	3.989997e-05
22896	4.016294e-05
22908	3.977614e-05
22920	3.978177e-05
22932	3.970349e-05
22944	3.885169e-05
22956	3.954271e-05
22968	3.891428e-05
22980	3.766772e-05
22992	3.825632e-05
23004	3.762236e-05
23016	3.70242e-05
23028	3.743574e-05
23040	3.705501e-05
23052	3.59756e-05
23064	3.657906e-05
23076	3.614059e-05
23088	3.585474e-05
23100	3.576211e-05
23112	3.55326e-05
23124	3.485166e-05
23136	3.519444e-05
23148	3.502135e-05
23160	3.407494e-05
23172	3.443917e-05
23184	3.393903e-05
23196	3.364251e-05
23208	3.321961e-05
23220	3.339384e-05
23232	3.323081e-05
23244	3.304148e-05
23256	3.254582e-05
23268	3.241729e-05
23280	3.237809e-05
23292	3.27152e-05
23304	3.211543e-05
23316	3.191589e-05
23328	3.205023e-05
23340	3.126591e-05
23352	3.119792e-05
23364	3.072609e-05
23376	3.10781e-05
23388	3.131137e-05
23400	3.043146e-05
23412	2.984987e-05
23424	3.035805e-05
23436	3.019174e-05
23448	2.951245e-05
23460	2.982175e-05
23472	3.000818e-05
23484	2.95508e-05
23496	2.927189e-05
23508	2.935177e-05
23520	2.921263e-05
23532	2.87294e-05
23544	2.837109e-05
23556	2.833982e-05
23568	2.895012e-05
23580	2.801882e-05
23592	2.807806e-05
23604	2.80943e-05
23616	2.782703e-05
23628	2.740687e-05
23640	2.767822e-05
23652	2.764633e-05
23664	2.722101e-05
23676	2.714591e-05
23688	2.636478e-05
23700	2.685597e-05
23712	2.61889e-05
23724	2.63246e-05
23736	2.673343e-05
23748	2.63078e-05
23760	2.632719e-05
23772	2.613867e-05
23784	2.629191e-05
23796	2.663868e-05
23808	2.642865e-05
23820	2.646125e-05
23832	2.567658e-05
23844	2.590096e-05
23856	2.536438e-05
23868	2.598071e-05
23880	2.525162e-05
23892	2.58598e-05
23904	2.549811e-05
23916	2.500225e-05
23928	2.566407e-05
23940	2.547014e-05
23952	2.527075e-05
23964	2.557688e-05
23976	2.555386e-05
23988	2.556349e-05
24000	1.278222e-05
