0	0.0005174288
12	0.001424641
24	0.002395485
36	0.003383528
48	0.00410717
60	0.004914599
72	0.00527204
84	0.005743338
96	0.005947929
108	0.006349834
120	0.006687845
132	0.006883315
144	0.007002304
156	0.006976841
168	0.007227564
180	0.007277709
192	0.007574584
204	0.007444744
216	0.007637281
228	0.007499373
240	0.007639149
252	0.007758357
264	0.007867718
276	0.007633875
288	0.007616144
300	0.007826722
312	0.007711768
324	0.007937272
336	0.007674275
348	0.007566654
360	0.007838988
372	0.007650629
384	0.007931739
396	0.007919286
408	0.007928221
420	0.007732044
432	0.007698483
444	0.007769836
456	0.007625579
468	0.007820081
480	0.007877575
492	0.007785942
504	0.007749099
516	0.007800967
528	0.007883803
540	0.007744608
552	0.007745405
564	0.007775088
576	0.00775686
588	0.007798514
600	0.007598164
612	0.007792791
624	0.007820384
636	0.007846292
648	0.007678818
660	0.007845183
672	0.007583421
684	0.007596865
696	0.007710439
708	0.007461056
720	0.007659185
732	0.007602939
744	0.007537078
756	0.00737389
768	0.007748262
780	0.007720295
792	0.007670078
804	0.007408901
816	0.007481321
828	0.007449578
840	0.00747503
852	0.007478171
864	0.007785026
876	0.007560747
888	0.007444055
900	0.007607127
912	0.007379442
924	0.007559928
936	0.007288018
948	0.007393646
960	0.007364941
972	0.007381554
984	0.007348523
996	0.007253206
1008	0.007136029
1020	0.007277729
1032	0.007314616
1044	0.007260403
1056	0.007223231
1068	0.007108834
1080	0.007366635
1092	0.007414469
1104	0.007235758
1116	0.007104352
1128	0.007211446
1140	0.007234482
1152	0.007122597
1164	0.007255356
1176	0.007029586
1188	0.007098411
1200	0.007261334
1212	0.006967739
1224	0.007163147
1236	0.007079685
1248	0.007192887
1260	0.007150296
1272	0.006918757
1284	0.006916102
1296	0.00687168
1308	0.006710245
1320	0.006829201
1332	0.006949564
1344	0.006998652
1356	0.006825343
1368	0.006716338
1380	0.007003336
1392	0.006904562
1404	0.006918418
1416	0.006922766
1428	0.006857584
1440	0.00659009
1452	0.006901594
1464	0.006648232
1476	0.006596344
1488	0.006685829
1500	0.006666915
1512	0.006928482
1524	0.006603621
1536	0.006643636
1548	0.006702178
1560	0.006627238
1572	0.006346352
1584	0.006596231
1596	0.006672877
1608	0.00660006
1620	0.006369572
1632	0.00653968
1644	0.006537766
1656	0.006586143
1668	0.006389289
1680	0.006567386
1692	0.006617721
1704	0.006350541
1716	0.006345116
1728	0.006210567
1740	0.006319223
1752	0.006288359
1764	0.006315263
1776	0.006094999
1788	0.006343987
1800	0.006121459
1812	0.00626299
1824	0.006318297
1836	0.00586792
1848	0.006377387
1860	0.005971614
1872	0.00631179
1884	0.006188717
1896	0.006185149
1908	0.005928149
1920	0.00613303
1932	0.006132602
1944	0.005797626
1956	0.006029252
1968	0.005894231
1980	0.006116651
1992	0.006078379
2004	0.005924215
2016	0.005820099
2028	0.005886687
2040	0.005771409
2052	0.006021821
2064	0.006148252
2076	0.005938612
2088	0.005776319
2100	0.0060945
2112	0.00590991
2124	0.00582954
2136	0.005861415
2148	0.005838926
2160	0.005829787
2172	0.005653245
2184	0.005713383
2196	0.005812784
2208	0.00561033
2220	0.005629169
2232	0.005609264
2244	0.005626366
2256	0.00563712
2268	0.005664257
2280	0.005690692
2292	0.005595385
2304	0.005642041
2316	0.005443437
2328	0.005546124
2340	0.00554071
2352	0.005625356
2364	0.005361327
2376	0.005362579
2388	0.005581327
2400	0.005449024
2412	0.005381674
2424	0.005504654
2436	0.005527232
2448	0.005406027
2460	0.005328881
2472	0.005401419
2484	0.005558841
2496	0.005225711
2508	0.005372904
2520	0.005481345
2532	0.005295896
2544	0.005269205
2556	0.005453767
2568	0.005023446
2580	0.005266983
2592	0.005308803
2604	0.00528949
2616	0.005293246
2628	0.005150049
2640	0.005144267
2652	0.00510604
2664	0.005061998
2676	0.00511448
2688	0.00496567
2700	0.005063228
2712	0.005135373
2724	0.00508257
2736	0.004960908
2748	0.005073741
2760	0.005149043
2772	0.00519623
2784	0.004966318
2796	0.005090294
2808	0.004739882
2820	0.005007033
2832	0.005001579
2844	0.004964008
2856	0.004969595
2868	0.004883986
2880	0.004893121
2892	0.004998947
2904	0.004988646
2916	0.004888087
2928	0.004944941
2940	0.004783221
2952	0.004779269
2964	0.00481805
2976	0.004864393
2988	0.004873368
3000	0.004836195
3012	0.004757088
3024	0.004686928
3036	0.004636567
3048	0.004817908
3060	0.004712636
3072	0.004627118
3084	0.004929529
3096	0.004637932
3108	0.00487251
3120	0.004549966
3132	0.004666001
3144	0.004640152
3156	0.004529091
3168	0.004636758
3180	0.004598763
3192	0.004693857
3204	0.004634072
3216	0.004618335
3228	0.004664676
3240	0.004568819
3252	0.004640026
3264	0.004545607
3276	0.004528827
3288	0.004569536
3300	0.004297519
3312	0.004557326
3324	0.004448272
3336	0.004586428
3348	0.004380105
3360	0.004468652
3372	0.004470159
3384	0.004417386
3396	0.004471008
3408	0.004353576
3420	0.004417298
3432	0.004239988
3444	0.004364889
3456	0.004352907
3468	0.004262344
3480	0.004262496
3492	0.004482761
3504	0.004319371
3516	0.004339464
3528	0.004220305
3540	0.004376129
3552	0.004237678
3564	0.004348528
3576	0.004286976
3588	0.004294184
3600	0.004232623
3612	0.004119457
3624	0.004213453
3636	0.004353806
3648	0.004241446
3660	0.004191133
3672	0.004308166
3684	0.004250178
3696	0.004034751
3708	0.004111952
3720	0.004309951
3732	0.004096901
3744	0.004128288
3756	0.004159131
3768	0.004128351
3780	0.004126924
3792	0.004131947
3804	0.004003706
3816	0.004133008
3828	0.003938318
3840	0.004034221
3852	0.00411788
3864	0.004067778
3876	0.003925261
3888	0.004076914
3900	0.004072543
3912	0.004106231
3924	0.003949163
3936	0.004006906
3948	0.004014557
3960	0.004086309
3972	0.003922128
3984	0.004063393
3996	0.003903005
4008	0.003868475
4020	0.004052052
4032	0.004021926
4044	0.003887567
4056	0.004061741
4068	0.00382124
4080	0.003864799
4092	0.003930364
4104	0.003986926
4116	0.003928374
4128	0.003838389
4140	0.003884884
4152	0.003871561
4164	0.003879178
4176	0.003846156
4188	0.00397596
4200	0.003812586
4212	0.003813426
4224	0.003762689
4236	0.003793591
4248	0.003840104
4260	0.003754312
4272	0.00383296
4284	0.003769733
4296	0.003821223
4308	0.003755836
4320	0.003731916
4332	0.003720645
4344	0.003789737
4356	0.003693365
4368	0.003736502
4380	0.003834459
4392	0.003756079
4404	0.003724472
4416	0.003699307
4428	0.003648816
4440	0.003636094
4452	0.003709198
4464	0.003664273
4476	0.003585654
4488	0.003597389
4500	0.003606897
4512	0.003573329
4524	0.003647528
4536	0.00374302
4548	0.003678477
4560	0.003652733
4572	0.003498328
4584	0.003629721
4596	0.003626397
4608	0.003597607
4620	0.003364668
4632	0.003625125
4644	0.003522253
4656	0.003528512
4668	0.003516471
4680	0.003516383
4692	0.003424632
4704	0.003475295
4716	0.003554387
4728	0.00345396
4740	0.003517597
4752	0.003453614
4764	0.003437096
4776	0.003531337
4788	0.003540371
4800	0.003510217
4812	0.003422884
4824	0.003428415
4836	0.00346729
4848	0.003473618
4860	0.003448897
4872	0.003457871
4884	0.003490307
4896	0.003378678
4908	0.003359955
4920	0.003378815
4932	0.003441369
4944	0.003406848
4956	0.003448866
4968	0.003460147
4980	0.003488366
4992	0.003465664
5004	0.003408805
5016	0.003339137
5028	0.003396785
5040	0.003380625
5052	0.003367879
5064	0.003304909
5076	0.003304984
5088	0.003427325
5100	0.003349822
5112	0.003336132
5124	0.003352545
5136	0.003287853
5148	0.003352412
5160	0.003292473
5172	0.003233031
5184	0.003212298
5196	0.003330271
5208	0.003274231
5220	0.003291826
5232	0.003371258
5244	0.003245336
5256	0.003176745
5268	0.003247601
5280	0.003164422
5292	0.003146235
5304	0.003240146
5316	0.003281236
5328	0.003160806
5340	0.003202326
5352	0.003262901
5364	0.003168953
5376	0.003074496
5388	0.003106281
5400	0.003297572
5412	0.003192562
5424	0.003139054
5436	0.00318655
5448	0.003147679
5460	0.003305375
5472	0.003078786
5484	0.003080683
5496	0.003126346
5508	0.003239838
5520	0.003132029
5532	0.003139026
5544	0.003130288
5556	0.003142011
5568	0.003147627
5580	0.003155534
5592	0.0031194
5604	0.003043906
5616	0.003136119
5628	0.003038422
5640	0.003077252
5652	0.003053839
5664	0.003081973
5676	0.00303901
5688	0.003084372
5700	0.003036842
5712	0.003076446
5724	0.002973158
5736	0.003004191
5748	0.002980959
5760	0.003026426
5772	0.00308253
5784	0.003017316
5796	0.003032662
5808	0.002914022
5820	0.002945941
5832	0.002990806
5844	0.002962611
5856	0.003051168
5868	0.003090808
5880	0.002933279
5892	0.002930255
5904	0.002959416
5916	0.002932417
5928	0.002988796
5940	0.003017646
5952	0.002978261
5964	0.002954829
5976	0.002912259
5988	0.002907937
6000	0.002934641
6012	0.002921142
6024	0.00287931
6036	0.002860819
6048	0.002898635
6060	0.002930268
6072	0.002949664
6084	0.002928784
6096	0.002846309
6108	0.002964066
6120	0.002868511
6132	0.002866131
6144	0.00285983
6156	0.002925096
6168	0.002889312
6180	0.002817533
6192	0.002735067
6204	0.002853977
6216	0.002810063
6228	0.002816216
6240	0.002874496
6252	0.002836305
6264	0.00285455
6276	0.002790031
6288	0.002887222
6300	0.002821343
6312	0.002759316
6324	0.002792247
6336	0.002789736
6348	0.00289229
6360	0.002820023
6372	0.00279388
6384	0.002775357
6396	0.002736402
6408	0.002709597
6420	0.00274704
6432	0.002709821
6444	0.002749381
6456	0.002788978
6468	0.002794648
6480	0.00278258
6492	0.002774307
6504	0.002787822
6516	0.002773477
6528	0.002756116
6540	0.00271308
6552	0.002758006
6564	0.002707893
6576	0.002706808
6588	0.002805308
6600	0.00267121
6612	0.002708545
6624	0.002709266
6636	0.002719971
6648	0.002696184
6660	0.00276604
6672	0.002609877
6684	0.002679857
6696	0.002763505
6708	0.002630361
6720	0.002678476
6732	0.002726304
6744	0.00260332
6756	0.002689565
6768	0.002577782
6780	0.002680348
6792	0.002657921
6804	0.002659398
6816	0.002658081
6828	0.002618777
6840	0.002668082
6852	0.002602547
6864	0.002622805
6876	0.002661738
6888	0.002558982
6900	0.002606567
6912	0.002580583
6924	0.002563967
6936	0.002483863
6948	0.002550205
6960	0.002522706
6972	0.002604969
6984	0.002496028
6996	0.002566916
7008	0.002576
7020	0.002532087
7032	0.00256552
7044	0.002516005
7056	0.002547425
7068	0.002494313
7080	0.002501705
7092	0.002485935
7104	0.002525824
7116	0.002505525
7128	0.00255081
7140	0.002477804
7152	0.002459433
7164	0.002487563
7176	0.002420611
7188	0.002457895
7200	0.002506912
7212	0.002419446
7224	0.002476934
7236	0.002477998
7248	0.00249061
7260	0.002476526
7272	0.002451033
7284	0.002460834
7296	0.002510855
7308	0.002521924
7320	0.002474076
7332	0.002421021
7344	0.002512944
7356	0.002506278
7368	0.002474292
7380	0.002434194
7392	0.002417012
7404	0.002362913
7416	0.00236487
7428	0.00238911
7440	0.002375655
7452	0.002420769
7464	0.002384377
7476	0.002455706
7488	0.002361785
7500	0.002387413
7512	0.002394291
7524	0.002390777
7536	0.002340394
7548	0.002340272
7560	0.002441938
7572	0.002382637
7584	0.0023735
7596	0.002350801
7608	0.002343114
7620	0.002295629
7632	0.002342496
7644	0.002350118
7656	0.002333231
7668	0.002398628
7680	0.002353549
7692	0.0022811
7704	0.002302665
7716	0.002388378
7728	0.002305798
7740	0.002372247
7752	0.002295501
7764	0.002292195
7776	0.002307946
7788	0.002279029
7800	0.00231636
7812	0.002229693
7824	0.002259402
7836	0.002283201
7848	0.002273668
7860	0.002282408
7872	0.002283303
7884	0.002357886
7896	0.002236966
7908	0.002229864
7920	0.002284408
7932	0.002260941
7944	0.002172958
7956	0.00234853
7968	0.002291603
7980	0.002298029
7992	0.002272726
8004	0.002296362
8016	0.002252341
8028	0.002231514
8040	0.002173703
8052	0.002217529
8064	0.002266151
8076	0.002207134
8088	0.002224674
8100	0.002168072
8112	0.002163026
8124	0.002256681
8136	0.002191876
8148	0.002180659
8160	0.002233343
8172	0.002202351
8184	0.002117508
8196	0.002105192
8208	0.002213528
8220	0.002238519
8232	0.002148948
8244	0.00213269
8256	0.002230372
8268	0.002210409
8280	0.002132305
8292	0.002190782
8304	0.002156793
8316	0.002224431
8328	0.002194001
8340	0.00215242
8352	0.002183388
8364	0.002170605
8376	0.00212973
8388	0.002168542
8400	0.002084965
8412	0.002155459
8424	0.002107102
8436	0.002070156
8448	0.002138145
8460	0.002122098
8472	0.002105968
8484	0.002037751
8496	0.002095754
8508	0.00213173
8520	0.002117235
8532	0.0021076
8544	0.002124232
8556	0.002126182
8568	0.002116784
8580	0.002063842
8592	0.002008489
8604	0.00204974
8616	0.002055975
8628	0.002085175
8640	0.002054515
8652	0.002030256
8664	0.002086614
8676	0.002029665
8688	0.002075783
8700	0.002018935
8712	0.0020735
8724	0.002095884
8736	0.002026798
8748	0.002044825
8760	0.001938283
8772	0.002066463
8784	0.002002802
8796	0.002043596
8808	0.002061309
8820	0.00205934
8832	0.001966943
8844	0.001956465
8856	0.002045577
8868	0.002007424
8880	0.001971921
8892	0.001980291
8904	0.001952139
8916	0.002043873
8928	0.001965074
8940	0.001941622
8952	0.002031498
8964	0.001959026
8976	0.001961927
8988	0.001959259
9000	0.001968004
9012	0.001956608
9024	0.001959299
9036	0.00195531
9048	0.00194217
9060	0.001968833
9072	0.001957574
9084	0.002006842
9096	0.001972969
9108	0.001931587
9120	0.001972418
9132	0.001931089
9144	0.001949153
9156	0.001957073
9168	0.002005232
9180	0.001881344
9192	0.001896182
9204	0.001925952
9216	0.001976226
9228	0.001919668
9240	0.001945452
9252	0.001923453
9264	0.001848764
9276	0.001889602
9288	0.001912256
9300	0.001881499
9312	0.001873839
9324	0.001832617
9336	0.001949492
9348	0.00197108
9360	0.001944316
9372	0.001855288
9384	0.001846729
9396	0.001856483
9408	0.001855835
9420	0.001872733
9432	0.001870509
9444	0.001864809
9456	0.001922894
9468	0.001882576
9480	0.001909097
9492	0.001826938
9504	0.001871322
9516	0.001834866
9528	0.001840112
9540	0.001850059
9552	0.001768047
9564	0.001894779
9576	0.001853534
9588	0.001904933
9600	0.001866488
9612	0.001857621
9624	0.001839575
9636	0.001865756
9648	0.0018225
9660	0.001840974
9672	0.001765553
9684	0.001836337
9696	0.001834638
9708	0.001759624
9720	0.001889893
9732	0.001837244
9744	0.001821336
9756	0.001842028
9768	0.001802363
9780	0.001864005
9792	0.001849677
9804	0.001774927
9816	0.00180712
9828	0.00185341
9840	0.001817238
9852	0.001817838
9864	0.001803782
9876	0.001773737
9888	0.00181591
9900	0.001755552
9912	0.001837477
9924	0.001742253
9936	0.001819787
9948	0.001791912
9960	0.001800159
9972	0.001781353
9984	0.001748451
9996	0.001767574
10008	0.001791808
10020	0.001802468
10032	0.001771754
10044	0.001808372
10056	0.001793499
10068	0.001726376
10080	0.001727239
10092	0.001765897
10104	0.001744089
10116	0.001772414
10128	0.001702311
10140	0.001737073
10152	0.00175212
10164	0.001818588
10176	0.001719335
10188	0.001740382
10200	0.001741556
10212	0.001749099
10224	0.001735387
10236	0.001748393
10248	0.00170561
10260	0.001683633
10272	0.001649865
10284	0.001705141
10296	0.001763559
10308	0.001747234
10320	0.001757386
10332	0.001729508
10344	0.001738816
10356	0.001711786
10368	0.001722559
10380	0.001674082
10392	0.001682108
10404	0.001692004
10416	0.001700251
10428	0.001737141
10440	0.001694566
10452	0.001686973
10464	0.001724297
10476	0.001739036
10488	0.001693172
10500	0.001736636
10512	0.0017113
10524	0.001669472
10536	0.001645875
10548	0.00166416
10560	0.001640075
10572	0.001713797
10584	0.001697393
10596	0.001655903
10608	0.001667775
10620	0.00166788
10632	0.001718038
10644	0.001684231
10656	0.00167302
10668	0.001673639
10680	0.001619908
10692	0.001651249
10704	0.001703736
10716	0.001667753
10728	0.001657515
10740	0.00163309
10752	0.001650605
10764	0.001643907
10776	0.001669144
10788	0.0016403
10800	0.001679684
10812	0.001629681
10824	0.001672471
10836	0.001603358
10848	0.001615514
10860	0.001682855
10872	0.001620966
10884	0.001644608
10896	0.001617158
10908	0.001676881
10920	0.001669635
10932	0.001603697
10944	0.001639497
10956	0.001639931
10968	0.001637148
10980	0.001642433
10992	0.001643091
11004	0.001595824
11016	0.001646086
11028	0.0016661
11040	0.00165223
11052	0.001625952
11064	0.001631765
11076	0.001671402
11088	0.001630138
11100	0.00158707
11112	0.001626076
11124	0.001611139
11136	0.001608695
11148	0.001566773
11160	0.001574138
11172	0.001575468
11184	0.00161395
11196	0.001596821
11208	0.001580233
11220	0.001616596
11232	0.001580031
11244	0.00161446
11256	0.001524347
11268	0.001558736
11280	0.001522672
11292	0.001581982
11304	0.001579144
11316	0.001589045
11328	0.001569576
11340	0.00154964
11352	0.001546543
11364	0.001604976
11376	0.001566921
11388	0.001594416
11400	0.001545404
11412	0.001582213
11424	0.001643689
11436	0.00154954
11448	0.001598569
11460	0.001592398
11472	0.001554882
11484	0.001549098
11496	0.001541055
11508	0.001536936
11520	0.00157598
11532	0.001540372
11544	0.001521564
11556	0.001544987
11568	0.001556647
11580	0.001562566
11592	0.001606695
11604	0.001547787
11616	0.001535002
11628	0.00151669
11640	0.001607059
11652	0.00156439
11664	0.001528146
11676	0.001519682
11688	0.001531562
11700	0.001557284
11712	0.001503011
11724	0.001522902
11736	0.001548818
11748	0.001543387
11760	0.00155571
11772	0.00155716
11784	0.001517107
11796	0.001537031
11808	0.001521395
11820	0.001561627
11832	0.001548664
11844	0.001515035
11856	0.001502092
11868	0.001521411
11880	0.001471063
11892	0.001514372
11904	0.001499779
11916	0.001460413
11928	0.001517979
11940	0.001507011
11952	0.001486328
11964	0.001462666
11976	0.001488539
11988	0.001503639
12000	0.001466523
12012	0.001459614
12024	0.001492102
12036	0.001503719
12048	0.001482774
12060	0.001518933
12072	0.001468948
12084	0.001511821
12096	0.001457072
12108	0.001492743
12120	0.001490145
12132	0.00148697
12144	0.001485374
12156	0.001386755
12168	0.001471541
12180	0.001455795
12192	0.001474987
12204	0.00142459
12216	0.001496232
12228	0.001461065
12240	0.001479848
12252	0.001413088
12264	0.001406807
12276	0.001463059
12288	0.001507268
12300	0.001472551
12312	0.001470754
12324	0.001453293
12336	0.001459277
12348	0.001450622
12360	0.001437544
12372	0.00149473
12384	0.001435333
12396	0.001426774
12408	0.001440998
12420	0.001432944
12432	0.00144522
12444	0.001428564
12456	0.001409339
12468	0.001400968
12480	0.001431083
12492	0.001433255
12504	0.001415119
12516	0.001414072
12528	0.001466514
12540	0.001467616
12552	0.001414774
12564	0.001358585
12576	0.001441242
12588	0.001374702
12600	0.001405846
12612	0.00144458
12624	0.001414335
12636	0.00138693
12648	0.001416664
12660	0.00135695
12672	0.001412929
12684	0.001409765
12696	0.001409073
12708	0.001367544
12720	0.001384683
12732	0.001362459
12744	0.001366456
12756	0.001407438
12768	0.001361226
12780	0.001379283
12792	0.001418462
12804	0.001396801
12816	0.001372567
12828	0.001381251
12840	0.001386976
12852	0.001354533
12864	0.001392555
12876	0.001410639
12888	0.001370591
12900	0.001343714
12912	0.001307901
12924	0.001367061
12936	0.001366463
12948	0.001356646
12960	0.00138616
12972	0.001324253
12984	0.001384619
12996	0.001329685
13008	0.001339738
13020	0.001368485
13032	0.001365983
13044	0.001356749
13056	0.001337939
13068	0.001340025
13080	0.001351623
13092	0.0013432
13104	0.0013596
13116	0.001307769
13128	0.001317248
13140	0.001340445
13152	0.001359276
13164	0.001333442
13176	0.001302667
13188	0.001323871
13200	0.00127496
13212	0.001312099
13224	0.001346627
13236	0.001295796
13248	0.001307074
13260	0.001316761
13272	0.001313614
13284	0.001347296
13296	0.001316284
13308	0.001310883
13320	0.001286044
13332	0.001349055
13344	0.001307454
13356	0.00132592
13368	0.001279619
13380	0.001300879
13392	0.001290645
13404	0.001311205
13416	0.00127144
13428	0.001278704
13440	0.001299256
13452	0.001259133
13464	0.00131029
13476	0.001271775
13488	0.001304634
13500	0.00127134
13512	0.001270756
13524	0.0012951
13536	0.00130256
13548	0.001248431
13560	0.001293452
13572	0.001251046
13584	0.001287175
13596	0.00129921
13608	0.001254559
13620	0.001250438
13632	0.001282124
13644	0.001262664
13656	0.001269238
13668	0.001251468
13680	0.001278569
13692	0.001248192
13704	0.00130716
13716	0.001226468
13728	0.001241897
13740	0.001207502
13752	0.001244614
13764	0.001248232
13776	0.001305825
13788	0.001222471
13800	0.001238477
13812	0.001229962
13824	0.001231997
13836	0.001230239
13848	0.001190828
13860	0.001225151
13872	0.00123804
13884	0.001204683
13896	0.001208118
13908	0.001208054
13920	0.001243375
13932	0.001244159
13944	0.001199449
13956	0.001196062
13968	0.001192749
13980	0.001210691
13992	0.001217865
14004	0.001175822
14016	0.001194655
14028	0.001203367
14040	0.001191101
14052	0.001221178
14064	0.001210744
14076	0.001216767
14088	0.001178875
14100	0.001155258
14112	0.001201105
14124	0.001179353
14136	0.001163138
14148	0.001197801
14160	0.001194245
14172	0.001154984
14184	0.001170406
14196	0.001148397
14208	0.001144617
14220	0.001170098
14232	0.001192684
14244	0.001169455
14256	0.001185209
14268	0.001211583
14280	0.001146386
14292	0.00116495
14304	0.001203185
14316	0.001181934
14328	0.001164653
14340	0.001180378
14352	0.001124633
14364	0.001184055
14376	0.001131095
14388	0.001143757
14400	0.001220644
14412	0.00116636
14424	0.001143003
14436	0.001168354
14448	0.001138802
14460	0.001140046
14472	0.001124193
14484	0.001121018
14496	0.001152648
14508	0.001114678
14520	0.001109105
14532	0.001136932
14544	0.001114298
14556	0.001115666
14568	0.001124746
14580	0.00115386
14592	0.001101751
14604	0.001129173
14616	0.001105385
14628	0.001111909
14640	0.00109675
14652	0.001138522
14664	0.001104139
14676	0.001107305
14688	0.001111197
14700	0.001113663
14712	0.001114433
14724	0.001110706
14736	0.001125031
14748	0.001074826
14760	0.001101628
14772	0.001115624
14784	0.001098799
14796	0.001077751
14808	0.001109761
14820	0.001098538
14832	0.001102314
14844	0.001078927
14856	0.001087154
14868	0.001072669
14880	0.001107921
14892	0.001110751
14904	0.00107074
14916	0.001069099
14928	0.001091767
14940	0.001085697
14952	0.001105334
14964	0.001061065
14976	0.001091827
14988	0.001054279
15000	0.001087563
15012	0.001066489
15024	0.001068143
15036	0.001080357
15048	0.001075542
15060	0.001044152
15072	0.001058393
15084	0.001071529
15096	0.001068116
15108	0.00106518
15120	0.001037766
15132	0.001052248
15144	0.001047999
15156	0.001042139
15168	0.001063572
15180	0.00105698
15192	0.001015577
15204	0.001022463
15216	0.001056555
15228	0.001050543
15240	0.001030737
15252	0.001042767
15264	0.001052168
15276	0.001041304
15288	0.001019599
15300	0.001025649
15312	0.001046218
15324	0.001058266
15336	0.001042573
15348	0.001010522
15360	0.001026759
15372	0.001011256
15384	0.001028916
15396	0.001024925
15408	0.001030537
15420	0.001038564
15432	0.001053838
15444	0.001030947
15456	0.001024926
15468	0.00102954
15480	0.001022644
15492	0.001008541
15504	0.001025824
15516	0.001010604
15528	0.0009987443
15540	0.001020098
15552	0.001006798
15564	0.001004999
15576	0.001004572
15588	0.001005781
15600	0.001017964
15612	0.00100879
15624	0.00100622
15636	0.001018482
15648	0.0009815261
15660	0.0009935278
15672	0.00101304
15684	0.0009805507
15696	0.001003293
15708	0.001019869
15720	0.0009948834
15732	0.0009880519
15744	0.001021214
15756	0.0009946035
15768	0.001000319
15780	0.0009839367
15792	0.0009730583
15804	0.001013647
15816	0.0009972398
15828	0.0009874989
15840	0.0009819212
15852	0.0009685182
15864	0.0009612329
15876	0.0009641942
15888	0.0009559501
15900	0.0009453436
15912	0.0009615256
15924	0.0009656212
15936	0.0009527151
15948	0.0009714686
15960	0.0009696237
15972	0.000980222
15984	0.0009720238
15996	0.0009788201
16008	0.0009607543
16020	0.0009562087
16032	0.0009509596
16044	0.0009597231
16056	0.000958089
16068	0.0009887309
16080	0.0009479848
16092	0.0009655429
16104	0.001002947
16116	0.0009255689
16128	0.0009422768
16140	0.0009431291
16152	0.0009515869
16164	0.0009598958
16176	0.0009339547
16188	0.0009665951
16200	0.0009666983
16212	0.0009651483
16224	0.0009326885
16236	0.0009590561
16248	0.0009470533
16260	0.0009175803
16272	0.0009304919
16284	0.0009249501
16296	0.0009655235
16308	0.0009108727
16320	0.0009401541
16332	0.0009196937
16344	0.0009269519
16356	0.0009237042
16368	0.0009280216
16380	0.0009348171
16392	0.0009459021
16404	0.0009438014
16416	0.0009462349
16428	0.0009357303
16440	0.000912687
16452	0.0008982065
16464	0.0009537277
16476	0.0009148318
16488	0.0009177424
16500	0.000909449
16512	0.0009409736
16524	0.0009295589
16536	0.0009204528
16548	0.000912841
16560	0.000871256
16572	0.0009340366
16584	0.000914319
16596	0.0009109571
16608	0.0008942241
16620	0.0009019697
16632	0.0009221545
16644	0.0008927304
16656	0.0009162145
16668	0.0009070272
16680	0.0008867903
16692	0.000870399
16704	0.000881107
16716	0.0008857271
16728	0.0009001137
16740	0.0008916139
16752	0.0008978528
16764	0.0008836832
16776	0.0009061209
16788	0.0008816145
16800	0.0009064979
16812	0.0008865221
16824	0.0009213943
16836	0.000870181
16848	0.0008743346
16860	0.0008759933
16872	0.0009180372
16884	0.0008885554
16896	0.000882375
16908	0.0008640231
16920	0.0008843331
16932	0.0008802494
16944	0.0008843202
16956	0.0008618947
16968	0.0008567817
16980	0.0008655655
16992	0.000892135
17004	0.0008698975
17016	0.0008790704
17028	0.0008677472
17040	0.0008586716
17052	0.0008587552
17064	0.0008557946
17076	0.0008815712
17088	0.0008585037
17100	0.0008641922
17112	0.0008813322
17124	0.0008556443
17136	0.0008759913
17148	0.0008358234
17160	0.0008530387
17172	0.000855443
17184	0.0008602767
17196	0.0008365635
17208	0.000848661
17220	0.0008314731
17232	0.0008556046
17244	0.0008538469
17256	0.0008553217
17268	0.0008640541
17280	0.0008640584
17292	0.0008610122
17304	0.0008398155
17316	0.0008341769
17328	0.0008515835
17340	0.0008592141
17352	0.0008642122
17364	0.0008112781
17376	0.0008722598
17388	0.000844397
17400	0.0008381976
17412	0.0008568944
17424	0.000832252
17436	0.0008581378
17448	0.000837993
17460	0.0008333122
17472	0.0008243452
17484	0.0008403399
17496	0.0008346555
17508	0.0008214524
17520	0.0008114677
17532	0.0008557977
17544	0.0008152668
17556	0.0008285224
17568	0.000827839
17580	0.0008225907
17592	0.0008255872
17604	0.0008096876
17616	0.00080056
17628	0.0008371765
17640	0.0008394035
17652	0.000809568
17664	0.0008092383
17676	0.0008308422
17688	0.0008463624
17700	0.0008100279
17712	0.0008263537
17724	0.0008129536
17736	0.0008320636
17748	0.0008155621
17760	0.000809741
17772	0.0008018507
17784	0.0008198041
17796	0.0008080679
17808	0.0007848662
17820	0.0008206519
17832	0.0008155482
17844	0.0007941679
17856	0.0008156981
17868	0.000796512
17880	0.0007948761
17892	0.0007792011
17904	0.000804962
17916	0.0008167222
17928	0.000781756
17940	0.000808149
17952	0.0008017939
17964	0.0008065067
17976	0.000797821
17988	0.000799488
18000	0.0007992368
18012	0.0007794974
18024	0.0007922082
18036	0.0007895196
18048	0.0007864016
18060	0.0007990997
18072	0.0007920662
18084	0.0007697978
18096	0.0007846962
18108	0.0007750926
18120	0.0007709647
18132	0.0007604277
18144	0.0007808719
18156	0.0007408438
18168	0.0007778956
18180	0.0007772007
18192	0.00075389
18204	0.000762127
18216	0.0007359695
18228	0.000770361
18240	0.0007519225
18252	0.0007611507
18264	0.0007658443
18276	0.0007582665
18288	0.0007682989
18300	0.0007426696
18312	0.0007443456
18324	0.0007507668
18336	0.0007373955
18348	0.0007544457
18360	0.0007604751
18372	0.0007521375
18384	0.0007299662
18396	0.0007323588
18408	0.0007403488
18420	0.0007556155
18432	0.0007679827
18444	0.0007304295
18456	0.0007271886
18468	0.0007228975
18480	0.0007465139
18492	0.0007284021
18504	0.0007322519
18516	0.0007414734
18528	0.0007277106
18540	0.0007422177
18552	0.0007297886
18564	0.0007220242
18576	0.0007288611
18588	0.0007283573
18600	0.0007224091
18612	0.0007164417
18624	0.0007075171
18636	0.0007019016
18648	0.0007169644
18660	0.0007303487
18672	0.0007413842
18684	0.000695251
18696	0.0007119796
18708	0.000707383
18720	0.0007279752
18732	0.0007173645
18744	0.0007039785
18756	0.0007194823
18768	0.0006997341
18780	0.000687273
18792	0.000716105
18804	0.0006961763
18816	0.0006930363
18828	0.0006827748
18840	0.0007087258
18852	0.0006963846
18864	0.0006789204
18876	0.0006972976
18888	0.0006944403
18900	0.000719119
18912	0.000694764
18924	0.0006809566
18936	0.0006692985
18948	0.0007068368
18960	0.0006794188
18972	0.0006998121
18984	0.0006601242
18996	0.0006794733
19008	0.0006903209
19020	0.0006812641
19032	0.000671307
19044	0.0006863865
19056	0.0006894631
19068	0.0006664483
19080	0.0006639106
19092	0.0006744296
19104	0.0006760089
19116	0.000673668
19128	0.0006850168
19140	0.000660278
19152	0.0006554327
19164	0.000651687
19176	0.0006384276
19188	0.0006395216
19200	0.0006557376
19212	0.0006613064
19224	0.0006456349
19236	0.0006511044
19248	0.0006444572
19260	0.000656314
19272	0.0006255032
19284	0.0006299528
19296	0.0006421765
19308	0.0006264543
19320	0.0006466245
19332	0.0006328597
19344	0.0006598858
19356	0.0006335189
19368	0.0006370136
19380	0.0006480482
19392	0.0006271008
19404	0.0006278774
19416	0.0006215128
19428	0.0006224893
19440	0.0006170977
19452	0.0006069174
19464	0.0006129406
19476	0.0006312074
19488	0.0006200442
19500	0.000628309
19512	0.0006263587
19524	0.0006133085
19536	0.0006052134
19548	0.0005961781
19560	0.0006083263
19572	0.0006046363
19584	0.0006098736
19596	0.0006174976
19608	0.0005994922
19620	0.0005851025
19632	0.0005931236
19644	0.0006045653
19656	0.0005706775
19668	0.0006058102
19680	0.0005897825
19692	0.0005833771
19704	0.0005947379
19716	0.0005847081
19728	0.0005935841
19740	0.0005929681
19752	0.0005791505
19764	0.0005886854
19776	0.0005885261
19788	0.0005675242
19800	0.0005703632
19812	0.0005742367
19824	0.000570706
19836	0.0005691986
19848	0.0005805972
19860	0.0005648482
19872	0.0005685001
19884	0.000564578
19896	0.0005587087
19908	0.0005680168
19920	0.0005602558
19932	0.00056935
19944	0.0005690563
19956	0.0005525193
19968	0.000558842
19980	0.0005474787
19992	0.0005565275
20004	0.0005578718
20016	0.0005401084
20028	0.0005491589
20040	0.0005462202
20052	0.0005445289
20064	0.0005520067
20076	0.0005370291
20088	0.0005269416
20100	0.0005215786
20112	0.0005419471
20124	0.0005313153
20136	0.0005072954
20148	0.0005197421
20160	0.0005259836
20172	0.0005106978
20184	0.0005351866
20196	0.0005247384
20208	0.0005257468
20220	0.0005347232
20232	0.0005169342
20244	0.0005261122
20256	0.0005044179
20268	0.0005070113
20280	0.0005201643
20292	0.0005092748
20304	0.0005089819
20316	0.0004982952
20328	0.0005005504
20340	0.0005001082
20352	0.0004890841
20364	0.0005068342
20376	0.0004899492
20388	0.0004904976
20400	0.0004990791
20412	0.0005073325
20424	0.000484386
20436	0.0004862337
20448	0.0004773361
20460	0.0004823867
20472	0.0004705636
20484	0.0004823956
20496	0.0004707233
20508	0.0004684848
20520	0.0004715103
20532	0.0004663187
20544	0.0004742222
20556	0.0004639399
20568	0.0004685164
20580	0.0004645859
20592	0.0004653813
20604	0.0004629293
20616	0.0004546944
20628	0.000455393
20640	0.0004667628
20652	0.0004569647
20664	0.0004491221
20676	0.0004563569
20688	0.0004519467
20700	0.0004451669
20712	0.000439758
20724	0.0004382052
20736	0.0004540953
20748	0.0004391053
20760	0.0004259632
20772	0.0004435394
20784	0.0004306645
20796	0.0004322589
20808	0.0004395413
20820	0.0004249402
20832	0.0004197232
20844	0.0004246451
20856	0.0004366919
20868	0.0004105689
20880	0.0004366309
20892	0.0004246072
20904	0.000418953
20916	0.0004109016
20928	0.0004075136
20940	0.0004143386
20952	0.000412443
20964	0.0004101548
20976	0.0004088103
20988	0.0004035613
21000	0.0003954431
21012	0.0003945246
21024	0.0004085008
21036	0.0004041912
21048	0.0004021273
21060	0.0003895698
21072	0.0003969624
21084	0.0003834378
21096	0.0003954858
21108	0.0003838258
21120	0.0003773592
21132	0.0003884288
21144	0.0003842708
21156	0.0003783473
21168	0.0003764686
21180	0.0003711581
21192	0.000374294
21204	0.0003761066
21216	0.0003637224
21228	0.0003744752
21240	0.0003665018
21252	0.0003567106
21264	0.0003629248
21276	0.0003688218
21288	0.0003654113
21300	0.0003505946
21312	0.0003554333
21324	0.0003596501
21336	0.0003592221
21348	0.0003448282
21360	0.000346791
21372	0.0003434116
21384	0.0003426026
21396	0.0003470909
21408	0.0003426113
21420	0.000338841
21432	0.0003254653
21444	0.0003454525
21456	0.0003296507
21468	0.0003445117
21480	0.0003390744
21492	0.0003333698
21504	0.0003278678
21516	0.0003279102
21528	0.0003195189
21540	0.000335084
21552	0.0003299782
21564	0.0003282787
21576	0.0003252004
21588	0.0003238545
21600	0.0003173118
21612	0.0003181963
21624	0.0003092189
21636	0.0003121984
21648	0.0003063274
21660	0.0002994065
21672	0.0003007737
21684	0.0002892072
21696	0.0003011597
21708	0.0003146263
21720	0.0003044294
21732	0.0002923575
21744	0.0002957059
21756	0.0003011268
21768	0.0002938333
21780	0.0002972161
21792	0.000291089
21804	0.0002968683
21816	0.000286891
21828	0.0002919166
21840	0.0002816854
21852	0.0002796407
21864	0.0002882538
21876	0.0002821202
21888	0.00026705
21900	0.0002793476
21912	0.0002750088
21924	0.0002703739
21936	0.000282682
21948	0.0002754444
21960	0.000272812
21972	0.000262805
21984	0.0002637235
21996	0.0002681099
22008	0.0002607424
22020	0.0002648185
22032	0.0002591478
22044	0.0002516897
22056	0.0002581595
22068	0.0002552126
22080	0.0002498983
22092	0.0002491246
22104	0.0002582999
22116	0.0002537878
22128	0.000244295
22140	0.0002377423
22152	0.0002379197
22164	0.0002390852
22176	0.0002469804
22188	0.0002437077
22200	0.0002376525
22212	0.0002307243
22224	0.0002339861
22236	0.000232559
22248	0.0002326
22260	0.000227949
22272	0.000227225
22284	0.0002250747
22296	0.0002327214
22308	0.0002214687
22320	0.0002207544
22332	0.0002210492
22344	0.000209629
22356	0.0002224074
22368	0.0002159777
22380	0.0002124169
22392	0.000212774
22404	0.0002160894
22416	0.0002096857
22428	0.0002072978
22440	0.0002138768
22452	0.0002080943
22464	0.0002041985
22476	0.0002091277
22488	0.0001986519
22500	0.0002002766
22512	0.0002044479
22524	0.0001997171
22536	0.0001945634
22548	0.0002008281
22560	0.0001926639
22572	0.0001959525
22584	0.0001979197
22596	0.0001923888
22608	0.0001897741
22620	0.0001919711
22632	0.000184418
22644	0.0001893149
22656	0.0001864363
22668	0.0001862319
22680	0.0001788679
22692	0.0001849107
22704	0.0001775648
22716	0.0001783223
22728	0.0001803339
22740	0.0001755728
22752	0.0001753226
22764	0.0001693083
22776	0.0001745476
22788	0.0001728176
22800	0.0001719742
22812	0.0001708961
22824	0.0001663588
22836	0.0001666223
22848	0.0001653599
22860	0.0001633824
22872	0.0001609061
22884	0.0001625424
22896	0.0001651265
22908	0.0001620981
22920	0.0001618255
22932	0.000160421
22944	0.0001559391
22956	0.0001540308
22968	0.0001509976
22980	0.0001561435
22992	0.0001551116
23004	0.0001491935
23016	0.0001477219
23028	0.0001470999
23040	0.0001481954
23052	0.0001470015
23064	0.0001454098
23076	0.0001408976
23088	0.0001424759
23100	0.0001463435
23112	0.0001434807
23124	0.0001440139
23136	0.0001380177
23148	0.0001384538
23160	0.000137964
23172	0.0001392919
23184	0.0001366034
23196	0.0001348741
23208	0.0001365641
23220	0.0001288791
23232	0.0001284332
23244	0.000129944
23256	0.000126271
23268	0.0001305446
23280	0.0001278937
23292	0.0001266944
23304	0.0001276198
23316	0.0001247897
23328	0.0001231821
23340	0.000124591
23352	0.0001251957
23364	0.0001200641
23376	0.0001199239
23388	0.0001208783
23400	0.0001191099
23412	0.0001167598
23424	0.0001158627
23436	0.0001150177
23448	0.0001192211
23460	0.0001149395
23472	0.0001124537
23484	0.0001132705
23496	0.0001128375
23508	0.0001135119
23520	0.0001116814
23532	0.0001127127
23544	0.0001073766
23556	0.0001095028
23568	0.0001059381
23580	0.0001050337
23592	0.0001113475
23604	0.0001059581
23616	0.0001043136
23628	0.0001038607
23640	0.0001040021
23652	0.000104445
23664	0.0001047567
23676	0.0001018887
23688	0.0001032249
23700	0.0001030562
23712	0.0001019989
23724	0.0001010982
23736	0.0001021293
23748	0.0001011205
23760	9.964759e-05
23772	0.0001039041
23784	0.0001017407
23796	9.946074e-05
23808	0.0001006441
23820	9.633761e-05
23832	0.0001001327
23844	9.569868e-05
23856	9.52659e-05
23868	9.525032e-05
23880	9.437976e-05
23892	9.778045e-05
23904	9.49939e-05
23916	9.47912e-05
23928	9.707732e-05
23940	9.320449e-05
23952	9.623454e-05
23964	9.678533e-05
23976	9.328363e-05
23988	9.366328e-05
24000	4.683436e-05
