0	0.0003049461
12	0.00090357
24	0.001578601
36	0.002268933
48	0.002815758
60	0.003317289
72	0.003433623
84	0.003790804
96	0.003930531
108	0.004149548
120	0.004045016
132	0.004081306
144	0.004071587
156	0.003928744
168	0.004086789
180	0.003985604
192	0.003931205
204	0.003722945
216	0.003812313
228	0.003723396
240	0.003736901
252	0.00351335
264	0.003392889
276	0.003413344
288	0.003383742
300	0.003245851
312	0.003248212
324	0.00307083
336	0.003027052
348	0.002997066
360	0.002879463
372	0.002830765
384	0.002686205
396	0.002721143
408	0.002598845
420	0.00266455
432	0.002534997
444	0.002428583
456	0.002356924
468	0.00233427
480	0.002272036
492	0.002278927
504	0.002228494
516	0.00225989
528	0.002157497
540	0.002061017
552	0.002030464
564	0.001926883
576	0.001971738
588	0.001955283
600	0.001951067
612	0.001884556
624	0.001924295
636	0.001860332
648	0.001912261
660	0.001788616
672	0.001775053
684	0.001735692
696	0.00174119
708	0.001657658
720	0.001603116
732	0.001584829
744	0.001565002
756	0.001560469
768	0.001651661
780	0.00153767
792	0.001518408
804	0.001435221
816	0.001471467
828	0.001395207
840	0.001407272
852	0.001413106
864	0.001408251
876	0.0014164
888	0.001365016
900	0.001369496
912	0.00132739
924	0.001238625
936	0.001277534
948	0.001251505
960	0.001282935
972	0.001304447
984	0.001255461
996	0.001217841
1008	0.001195028
1020	0.001198277
1032	0.001150079
1044	0.001175347
1056	0.001172047
1068	0.001157024
1080	0.00108968
1092	0.001163354
1104	0.001097431
1116	0.001038518
1128	0.001046326
1140	0.001061895
1152	0.001023218
1164	0.001042225
1176	0.00111246
1188	0.001056619
1200	0.001059311
1212	0.001028791
1224	0.0009997437
1236	0.0009961594
1248	0.000995269
1260	0.0009621698
1272	0.0009365086
1284	0.0009778173
1296	0.0009355764
1308	0.0009379863
1320	0.0009577672
1332	0.0009535273
1344	0.0009106196
1356	0.0008954559
1368	0.0009183651
1380	0.0008987956
1392	0.000903615
1404	0.0008628834
1416	0.0008571623
1428	0.0008635466
1440	0.0008693158
1452	0.0008270538
1464	0.0008581824
1476	0.0008442464
1488	0.0008081331
1500	0.0008673351
1512	0.0008064102
1524	0.0007728738
1536	0.000797105
1548	0.0007818041
1560	0.0007830223
1572	0.0007938885
1584	0.000765045
1596	0.0007590119
1608	0.0007809516
1620	0.0007658975
1632	0.0007550215
1644	0.0007606684
1656	0.0007565347
1668	0.0007551173
1680	0.0007249246
1692	0.0007260072
1704	0.0007057592
1716	0.000704896
1728	0.0006775307
1740	0.0007245277
1752	0.0007120181
1764	0.0007129178
1776	0.0006861172
1788	0.0007129505
1800	0.0007063707
1812	0.0006783975
1824	0.000688765
1836	0.0006654219
1848	0.0006700983
1860	0.0006763356
1872	0.0006350583
1884	0.0006442372
1896	0.0006933563
1908	0.0006247576
1920	0.000637916
1932	0.0006367958
1944	0.0006522391
1956	0.0006294681
1968	0.0006249357
1980	0.0006227263
1992	0.0006143452
2004	0.0006465822
2016	0.0006121312
2028	0.0006049814
2040	0.0005891238
2052	0.0005973749
2064	0.0006116212
2076	0.0005903403
2088	0.0005908713
2100	0.0005845583
2112	0.0005749106
2124	0.0005847983
2136	0.0005637555
2148	0.0005622857
2160	0.0005648782
2172	0.0005642854
2184	0.0005587794
2196	0.0005659545
2208	0.0005626559
2220	0.0005521332
2232	0.0005316337
2244	0.0005521284
2256	0.0005719271
2268	0.00053595
2280	0.0005618683
2292	0.0005498113
2304	0.0005487005
2316	0.0005575489
2328	0.0005310038
2340	0.0005245464
2352	0.0005391969
2364	0.0005123469
2376	0.0005134047
2388	0.0005297211
2400	0.0005111456
2412	0.0005109401
2424	0.0004958779
2436	0.0005038708
2448	0.0005178045
2460	0.000515824
2472	0.0005083483
2484	0.0005091843
2496	0.0004966714
2508	0.0004833624
2520	0.0004811512
2532	0.0004892183
2544	0.0004945452
2556	0.0004712136
2568	0.000503235
2580	0.0004792523
2592	0.0004708668
2604	0.0004905508
2616	0.0004646384
2628	0.0004562164
2640	0.0004699846
2652	0.0004552881
2664	0.0004651722
2676	0.0004573439
2688	0.000453912
2700	0.0004574832
2712	0.0004622604
2724	0.0004638704
2736	0.0004806526
2748	0.0004539906
2760	0.0004391755
2772	0.000451702
2784	0.0004480536
2796	0.0004423333
2808	0.0004587804
2820	0.0004271615
2832	0.0004219212
2844	0.000422261
2856	0.0004291446
2868	0.0004318593
2880	0.0004285181
2892	0.0004253248
2904	0.0004382294
2916	0.0004267423
2928	0.0004152139
2940	0.0004226595
2952	0.0004166662
2964	0.0004083036
2976	0.0004140383
2988	0.0004080493
3000	0.0004071795
3012	0.0004081464
3024	0.0003946938
3036	0.0004166355
3048	0.0004054011
3060	0.0003974426
3072	0.0004080468
3084	0.000402053
3096	0.0003943969
3108	0.0003986516
3120	0.0003906819
3132	0.0004043589
3144	0.0003967968
3156	0.0003983135
3168	0.0003761234
3180	0.0003819785
3192	0.0003849016
3204	0.0003759919
3216	0.0003838143
3228	0.0003862994
3240	0.0003953112
3252	0.0003856703
3264	0.0003721926
3276	0.0003832747
3288	0.00038426
3300	0.0003714357
3312	0.0003733343
3324	0.0003766292
3336	0.0003730253
3348	0.0003722893
3360	0.0003672275
3372	0.0003689891
3384	0.0003779271
3396	0.0003726033
3408	0.0003677447
3420	0.0003674764
3432	0.0003605138
3444	0.0003565397
3456	0.0003571229
3468	0.0003543796
3480	0.0003550157
3492	0.0003582704
3504	0.0003579079
3516	0.0003544301
3528	0.0003476626
3540	0.0003563757
3552	0.0003641119
3564	0.0003556636
3576	0.0003553457
3588	0.0003549476
3600	0.0003525597
3612	0.0003357215
3624	0.0003404279
3636	0.0003516066
3648	0.0003394727
3660	0.0003454425
3672	0.000334951
3684	0.0003339803
3696	0.0003489853
3708	0.0003361251
3720	0.0003355703
3732	0.0003400527
3744	0.0003317214
3756	0.0003231812
3768	0.000338125
3780	0.0003464143
3792	0.0003431879
3804	0.0003401633
3816	0.0003236933
3828	0.0003277452
3840	0.0003280737
3852	0.000322311
3864	0.000330171
3876	0.0003210755
3888	0.000323497
3900	0.0003098752
3912	0.0003212297
3924	0.0003288735
3936	0.0003250812
3948	0.0003178512
3960	0.0003314252
3972	0.0003141682
3984	0.0003235091
3996	0.0003166249
4008	0.0003175789
4020	0.0003151787
4032	0.0003271296
4044	0.0003028048
4056	0.0003232133
4068	0.0003052886
4080	0.0003231655
4092	0.0002906414
4104	0.0003083147
4116	0.0002976047
4128	0.0002954217
4140	0.0002999208
4152	0.0003114808
4164	0.0003096198
4176	0.0002918261
4188	0.0003050053
4200	0.0003010075
4212	0.0003087127
4224	0.0002919057
4236	0.0003050528
4248	0.0003032291
4260	0.0002945154
4272	0.0003030654
4284	0.000299272
4296	0.0002926043
4308	0.0002973656
4320	0.0002907955
4332	0.0002961205
4344	0.0002893246
4356	0.000278689
4368	0.0002937074
4380	0.0002965671
4392	0.0002801458
4404	0.0002794121
4416	0.0002767407
4428	0.0002935831
4440	0.0002929829
4452	0.0002864185
4464	0.0002835337
4476	0.0002818862
4488	0.0002763873
4500	0.0002830783
4512	0.0002826446
4524	0.0002823873
4536	0.0002738192
4548	0.0002787934
4560	0.0002888645
4572	0.0002817899
4584	0.000266987
4596	0.0002693622
4608	0.0002873466
4620	0.0002735869
4632	0.0002653599
4644	0.0002763309
4656	0.0002653839
4668	0.0002838152
4680	0.0002705751
4692	0.0002696849
4704	0.0002785507
4716	0.0002609652
4728	0.0002701086
4740	0.000265928
4752	0.0002737086
4764	0.000268699
4776	0.0002730137
4788	0.0002579304
4800	0.0002675903
4812	0.0002678806
4824	0.0002714206
4836	0.0002631489
4848	0.0002660232
4860	0.0002622829
4872	0.00025879
4884	0.0002620611
4896	0.0002594245
4908	0.0002561822
4920	0.0002707915
4932	0.0002700858
4944	0.0002779327
4956	0.0002643682
4968	0.0002648547
4980	0.0002658326
4992	0.0002589575
5004	0.0002657681
5016	0.000253752
5028	0.0002597741
5040	0.0002630145
5052	0.000260632
5064	0.0002476938
5076	0.0002556096
5088	0.0002597677
5100	0.0002623426
5112	0.0002607055
5124	0.0002497818
5136	0.000253104
5148	0.000242537
5160	0.0002492455
5172	0.000240276
5184	0.0002440889
5196	0.0002431648
5208	0.0002483394
5220	0.0002458311
5232	0.0002415424
5244	0.000250654
5256	0.0002432663
5268	0.0002474949
5280	0.0002443374
5292	0.0002393267
5304	0.0002479198
5316	0.000246558
5328	0.0002446537
5340	0.0002404697
5352	0.0002500087
5364	0.0002464821
5376	0.0002436938
5388	0.0002330587
5400	0.0002420794
5412	0.0002405415
5424	0.0002442233
5436	0.0002549461
5448	0.0002517513
5460	0.0002358866
5472	0.0002329576
5484	0.0002392474
5496	0.000242431
5508	0.0002428399
5520	0.0002350849
5532	0.0002467372
5544	0.0002465656
5556	0.0002357156
5568	0.0002257843
5580	0.0002389006
5592	0.0002338322
5604	0.0002357851
5616	0.0002321701
5628	0.0002230642
5640	0.0002316178
5652	0.0002328974
5664	0.0002357788
5676	0.0002346016
5688	0.000233413
5700	0.0002386583
5712	0.0002286141
5724	0.0002315126
5736	0.0002309801
5748	0.0002369491
5760	0.0002295341
5772	0.0002277574
5784	0.0002218062
5796	0.0002331383
5808	0.0002213853
5820	0.0002223882
5832	0.000226775
5844	0.0002213152
5856	0.000223463
5868	0.0002235823
5880	0.0002219445
5892	0.0002247408
5904	0.0002245411
5916	0.0002174923
5928	0.0002197945
5940	0.0002279334
5952	0.0002187783
5964	0.0002190278
5976	0.0002190248
5988	0.0002252903
6000	0.0002204572
6012	0.0002204972
6024	0.000221883
6036	0.0002229349
6048	0.0002168677
6060	0.0002176353
6072	0.0002198149
6084	0.0002166702
6096	0.0002132246
6108	0.0002191414
6120	0.0002144287
6132	0.0002180576
6144	0.000212626
6156	0.0002213607
6168	0.0002225323
6180	0.0002157506
6192	0.0002212626
6204	0.0002153095
6216	0.0002135635
6228	0.0002160903
6240	0.0002127007
6252	0.0002120151
6264	0.0002128327
6276	0.0002111674
6288	0.000218748
6300	0.0002091422
6312	0.000207265
6324	0.0002107751
6336	0.0002044985
6348	0.000207303
6360	0.0002039251
6372	0.0002048451
6384	0.0002138662
6396	0.0002122206
6408	0.0001990834
6420	0.0002033357
6432	0.0002029067
6444	0.0002122251
6456	0.0002030047
6468	0.0002035714
6480	0.0002044188
6492	0.0002120844
6504	0.0002127636
6516	0.0002073838
6528	0.0002129504
6540	0.0002034573
6552	0.0002039172
6564	0.0002065217
6576	0.0002086717
6588	0.0001995258
6600	0.0002046776
6612	0.0001976619
6624	0.0002008658
6636	0.0002029403
6648	0.000198083
6660	0.0001948921
6672	0.0001949019
6684	0.0002033499
6696	0.0002074904
6708	0.0001946394
6720	0.000202367
6732	0.0001981293
6744	0.0001964945
6756	0.0001993662
6768	0.0002014607
6780	0.0001929263
6792	0.0001962446
6804	0.0001980822
6816	0.0001932165
6828	0.000189342
6840	0.0001866736
6852	0.0001943986
6864	0.0001952586
6876	0.0001946946
6888	0.000197845
6900	0.0001932591
6912	0.0001925848
6924	0.0001906072
6936	0.0001892609
6948	0.0001921572
6960	0.0001968384
6972	0.0001997674
6984	0.0001923873
6996	0.0001855114
7008	0.000190803
7020	0.0001948165
7032	0.0001887609
7044	0.0001861408
7056	0.0001880828
7068	0.0001895121
7080	0.0001865018
7092	0.0001892202
7104	0.0001891174
7116	0.0001920234
7128	0.0001836022
7140	0.0001792631
7152	0.0001951485
7164	0.0001890456
7176	0.0001915686
7188	0.0001850507
7200	0.0001889667
7212	0.0001913948
7224	0.0001840458
7236	0.0001807208
7248	0.0001834612
7260	0.0001824666
7272	0.0001832385
7284	0.0001839349
7296	0.0001884416
7308	0.0001775025
7320	0.0001832315
7332	0.0001792908
7344	0.0001829495
7356	0.0001888239
7368	0.000178027
7380	0.0001810211
7392	0.000174953
7404	0.0001888898
7416	0.0001819436
7428	0.0001763191
7440	0.0001838663
7452	0.0001751739
7464	0.0001757604
7476	0.0001742171
7488	0.0001760579
7500	0.0001742611
7512	0.0001811771
7524	0.0001829532
7536	0.0001785386
7548	0.0001750784
7560	0.0001821333
7572	0.0001763693
7584	0.0001776299
7596	0.0001714471
7608	0.0001741962
7620	0.0001775116
7632	0.0001681769
7644	0.0001764622
7656	0.0001788005
7668	0.0001698245
7680	0.0001850223
7692	0.0001774326
7704	0.0001713133
7716	0.0001708925
7728	0.0001773242
7740	0.0001743884
7752	0.0001707476
7764	0.000171454
7776	0.0001706228
7788	0.0001730932
7800	0.0001683734
7812	0.0001700292
7824	0.0001743044
7836	0.0001671275
7848	0.0001722505
7860	0.0001696321
7872	0.0001721916
7884	0.0001703031
7896	0.0001705384
7908	0.0001692387
7920	0.0001686877
7932	0.0001649098
7944	0.0001622053
7956	0.0001652912
7968	0.0001677855
7980	0.0001689973
7992	0.0001616669
8004	0.0001697054
8016	0.0001711153
8028	0.0001638408
8040	0.0001607377
8052	0.0001707568
8064	0.0001672595
8076	0.0001582966
8088	0.000168703
8100	0.0001623808
8112	0.0001591895
8124	0.0001682176
8136	0.0001638047
8148	0.000166149
8160	0.0001573576
8172	0.000168087
8184	0.0001613348
8196	0.0001546485
8208	0.0001670926
8220	0.0001573997
8232	0.0001588793
8244	0.000157733
8256	0.0001626848
8268	0.0001637947
8280	0.0001552473
8292	0.0001618813
8304	0.0001561534
8316	0.000162635
8328	0.0001640483
8340	0.0001643757
8352	0.0001572901
8364	0.0001577939
8376	0.0001593058
8388	0.000159342
8400	0.0001559313
8412	0.0001549499
8424	0.0001616009
8436	0.0001564935
8448	0.0001581598
8460	0.0001532148
8472	0.0001625672
8484	0.0001541612
8496	0.0001514529
8508	0.000161673
8520	0.0001569753
8532	0.0001531219
8544	0.000158327
8556	0.0001542236
8568	0.0001548567
8580	0.0001559412
8592	0.0001538747
8604	0.0001547122
8616	0.0001534272
8628	0.0001577562
8640	0.0001580847
8652	0.0001572403
8664	0.0001517458
8676	0.0001497019
8688	0.0001566948
8700	0.0001541156
8712	0.0001580702
8724	0.0001538785
8736	0.0001529823
8748	0.0001510196
8760	0.0001471037
8772	0.0001537662
8784	0.0001504053
8796	0.0001457165
8808	0.0001556007
8820	0.0001563978
8832	0.0001524036
8844	0.0001490813
8856	0.0001492858
8868	0.0001500655
8880	0.0001540939
8892	0.0001539498
8904	0.0001462194
8916	0.0001550921
8928	0.0001461445
8940	0.0001489376
8952	0.0001465814
8964	0.0001494093
8976	0.0001478691
8988	0.0001434887
9000	0.000149974
9012	0.0001531762
9024	0.0001452802
9036	0.0001472418
9048	0.0001500674
9060	0.0001433664
9072	0.0001489545
9084	0.0001459639
9096	0.0001463906
9108	0.0001434211
9120	0.0001464985
9132	0.0001491082
9144	0.0001451036
9156	0.0001413287
9168	0.0001467381
9180	0.0001472525
9192	0.0001424236
9204	0.0001423661
9216	0.0001467153
9228	0.0001447208
9240	0.000146628
9252	0.0001475599
9264	0.0001424009
9276	0.0001495757
9288	0.0001405926
9300	0.0001410063
9312	0.0001445193
9324	0.0001458741
9336	0.0001387383
9348	0.0001381594
9360	0.0001414986
9372	0.0001422574
9384	0.000146551
9396	0.0001405919
9408	0.0001407217
9420	0.0001376514
9432	0.0001463994
9444	0.0001437656
9456	0.0001473376
9468	0.0001450271
9480	0.0001399424
9492	0.0001415335
9504	0.0001340248
9516	0.0001461796
9528	0.0001411014
9540	0.0001329264
9552	0.0001398927
9564	0.0001329966
9576	0.0001391203
9588	0.0001437097
9600	0.0001448323
9612	0.000137611
9624	0.0001418184
9636	0.0001397266
9648	0.0001364085
9660	0.0001394307
9672	0.0001369273
9684	0.0001379853
9696	0.0001453625
9708	0.0001436085
9720	0.000136605
9732	0.0001331399
9744	0.0001362367
9756	0.0001373005
9768	0.0001369414
9780	0.0001407857
9792	0.0001397461
9804	0.0001381506
9816	0.0001376948
9828	0.0001399117
9840	0.0001375878
9852	0.0001380469
9864	0.000138786
9876	0.0001395911
9888	0.0001356886
9900	0.0001351183
9912	0.0001401143
9924	0.000137226
9936	0.0001315375
9948	0.0001307217
9960	0.000135956
9972	0.0001383596
9984	0.0001318425
9996	0.0001333978
10008	0.0001342617
10020	0.0001370249
10032	0.0001340227
10044	0.0001296839
10056	0.0001333374
10068	0.0001328428
10080	0.0001312922
10092	0.0001310467
10104	0.0001319537
10116	0.0001337457
10128	0.0001273512
10140	0.0001324961
10152	0.0001329425
10164	0.0001313988
10176	0.0001312878
10188	0.0001286683
10200	0.0001275502
10212	0.0001275801
10224	0.0001311899
10236	0.0001355693
10248	0.0001284802
10260	0.0001281736
10272	0.0001281274
10284	0.0001344872
10296	0.0001322214
10308	0.0001278657
10320	0.0001311647
10332	0.0001302426
10344	0.000134061
10356	0.0001280543
10368	0.0001320789
10380	0.0001251793
10392	0.0001265916
10404	0.000127768
10416	0.0001292789
10428	0.000127666
10440	0.0001252488
10452	0.0001303436
10464	0.0001276539
10476	0.0001293746
10488	0.0001286055
10500	0.0001319891
10512	0.0001260299
10524	0.0001269101
10536	0.0001307359
10548	0.0001265598
10560	0.0001305568
10572	0.0001276134
10584	0.0001285328
10596	0.0001222074
10608	0.0001312593
10620	0.0001293835
10632	0.0001259451
10644	0.0001269415
10656	0.0001280069
10668	0.0001258732
10680	0.000125305
10692	0.0001223664
10704	0.0001226671
10716	0.0001255058
10728	0.0001277479
10740	0.0001232083
10752	0.0001278316
10764	0.0001212837
10776	0.0001218123
10788	0.0001249569
10800	0.0001223444
10812	0.0001259635
10824	0.0001305012
10836	0.0001248202
10848	0.0001290175
10860	0.0001265201
10872	0.0001264998
10884	0.0001179857
10896	0.0001229124
10908	0.0001255484
10920	0.0001231314
10932	0.0001262677
10944	0.0001236262
10956	0.0001276662
10968	0.0001238781
10980	0.0001253217
10992	0.0001204499
11004	0.000120278
11016	0.0001238161
11028	0.0001202008
11040	0.000121698
11052	0.0001227261
11064	0.0001230142
11076	0.0001223198
11088	0.0001187883
11100	0.0001234809
11112	0.0001244361
11124	0.0001216249
11136	0.0001278572
11148	0.000125914
11160	0.0001283982
11172	0.0001262094
11184	0.0001241961
11196	0.0001198323
11208	0.0001166959
11220	0.0001161776
11232	0.0001209343
11244	0.0001198988
11256	0.0001245471
11268	0.0001167282
11280	0.0001160849
11292	0.0001194177
11304	0.0001217371
11316	0.0001211426
11328	0.0001202236
11340	0.0001145955
11352	0.0001171824
11364	0.000119221
11376	0.0001175279
11388	0.0001160216
11400	0.0001162631
11412	0.0001202246
11424	0.0001171711
11436	0.0001204253
11448	0.0001145634
11460	0.0001258699
11472	0.0001150224
11484	0.0001191531
11496	0.0001184166
11508	0.0001192256
11520	0.0001171982
11532	0.0001190349
11544	0.0001188352
11556	0.0001192635
11568	0.0001159304
11580	0.0001168478
11592	0.0001124128
11604	0.0001162284
11616	0.0001144783
11628	0.0001160286
11640	0.0001171923
11652	0.0001186358
11664	0.0001155503
11676	0.000120129
11688	0.0001160218
11700	0.000120632
11712	0.000119779
11724	0.0001153523
11736	0.000117182
11748	0.0001117071
11760	0.0001167239
11772	0.0001203246
11784	0.0001130245
11796	0.0001181852
11808	0.000113814
11820	0.000114325
11832	0.000115011
11844	0.0001139931
11856	0.0001177464
11868	0.0001141864
11880	0.0001158395
11892	0.0001145289
11904	0.0001120217
11916	0.0001158842
11928	0.0001121212
11940	0.0001151286
11952	0.0001155469
11964	0.0001139452
11976	0.0001171795
11988	0.0001146741
12000	0.0001148585
12012	0.0001127363
12024	0.0001186975
12036	0.0001107734
12048	0.0001097581
12060	0.0001126975
12072	0.0001212762
12084	0.0001142708
12096	0.0001116257
12108	0.0001126166
12120	0.0001142953
12132	0.0001116724
12144	0.0001142118
12156	0.0001099131
12168	0.0001119721
12180	0.0001102435
12192	0.0001123514
12204	0.0001060051
12216	0.0001131793
12228	0.000107131
12240	0.0001107498
12252	0.0001103463
12264	0.00011258
12276	0.0001130873
12288	0.000111104
12300	0.0001094008
12312	0.0001092331
12324	0.0001105412
12336	0.0001139905
12348	0.0001108838
12360	0.0001092942
12372	0.000110683
12384	0.0001099967
12396	0.0001079228
12408	0.0001094486
12420	0.0001104658
12432	0.0001103991
12444	0.0001082954
12456	0.0001111974
12468	0.0001080362
12480	0.0001042804
12492	0.0001081601
12504	0.0001081121
12516	0.0001077671
12528	0.0001058303
12540	0.0001097088
12552	0.0001094181
12564	0.0001099992
12576	0.0001041946
12588	0.0001074236
12600	0.0001089657
12612	0.000105109
12624	0.0001088456
12636	0.0001075782
12648	0.000107886
12660	0.000101636
12672	0.0001045969
12684	0.0001032964
12696	0.0001074856
12708	0.0001099798
12720	0.0001047283
12732	0.0001090297
12744	0.0001044757
12756	0.0001045341
12768	0.0001043532
12780	0.0001026613
12792	0.0001047646
12804	0.0001040196
12816	0.0001019242
12828	0.0001063079
12840	0.0001046409
12852	0.0001058176
12864	0.00010795
12876	0.0001069669
12888	0.0001075654
12900	0.0001049871
12912	0.0001059901
12924	0.000105789
12936	0.0001034136
12948	0.0001062529
12960	0.0001017062
12972	0.0001038365
12984	9.976671e-05
12996	0.0001002586
13008	0.0001037081
13020	0.000101964
13032	0.0001007932
13044	0.0001068983
13056	0.0001007385
13068	0.0001002673
13080	0.0001072004
13092	0.0001049285
13104	0.0001020594
13116	0.0001016357
13128	0.0001023905
13140	9.857478e-05
13152	0.0001014822
13164	9.981042e-05
13176	0.0001006945
13188	0.0001065816
13200	0.0001020215
13212	0.0001024285
13224	0.0001010194
13236	0.0001023014
13248	9.951599e-05
13260	0.0001030313
13272	9.738769e-05
13284	0.0001017042
13296	9.927223e-05
13308	0.0001047012
13320	0.000103144
13332	9.922186e-05
13344	0.0001033712
13356	9.806782e-05
13368	0.0001009759
13380	0.0001011161
13392	9.895074e-05
13404	0.0001016037
13416	9.950303e-05
13428	0.0001015958
13440	0.0001020564
13452	9.76743e-05
13464	9.735188e-05
13476	0.0001023219
13488	9.819564e-05
13500	9.905838e-05
13512	9.815443e-05
13524	9.827105e-05
13536	9.895882e-05
13548	0.0001002559
13560	9.644189e-05
13572	9.914431e-05
13584	9.856423e-05
13596	0.000101104
13608	9.979397e-05
13620	9.601811e-05
13632	9.867541e-05
13644	9.656386e-05
13656	9.828465e-05
13668	9.797838e-05
13680	9.493571e-05
13692	9.699318e-05
13704	9.161863e-05
13716	9.61453e-05
13728	9.436052e-05
13740	9.270716e-05
13752	9.558006e-05
13764	9.52402e-05
13776	9.37131e-05
13788	9.611834e-05
13800	9.201739e-05
13812	9.222343e-05
13824	9.349593e-05
13836	9.562991e-05
13848	9.292806e-05
13860	9.223005e-05
13872	9.581612e-05
13884	9.028148e-05
13896	9.375617e-05
13908	9.44202e-05
13920	9.182573e-05
13932	9.349649e-05
13944	9.480477e-05
13956	9.580532e-05
13968	9.144637e-05
13980	9.361524e-05
13992	9.303285e-05
14004	9.467411e-05
14016	9.394583e-05
14028	9.258682e-05
14040	9.665304e-05
14052	9.289529e-05
14064	9.24783e-05
14076	9.40425e-05
14088	8.843816e-05
14100	9.311151e-05
14112	8.999249e-05
14124	9.287195e-05
14136	9.209094e-05
14148	9.211758e-05
14160	9.162327e-05
14172	9.294374e-05
14184	9.06125e-05
14196	9.093728e-05
14208	8.900055e-05
14220	8.984999e-05
14232	9.042098e-05
14244	8.945345e-05
14256	9.02824e-05
14268	9.092315e-05
14280	8.926264e-05
14292	9.240455e-05
14304	9.415147e-05
14316	9.013421e-05
14328	9.317431e-05
14340	9.24815e-05
14352	8.804045e-05
14364	9.01504e-05
14376	9.10376e-05
14388	9.017179e-05
14400	8.957121e-05
14412	8.6036e-05
14424	8.560863e-05
14436	8.753e-05
14448	8.656855e-05
14460	8.98185e-05
14472	8.819398e-05
14484	8.978936e-05
14496	8.697348e-05
14508	8.604569e-05
14520	8.813425e-05
14532	8.912483e-05
14544	8.977451e-05
14556	8.634866e-05
14568	8.681476e-05
14580	8.518058e-05
14592	8.694601e-05
14604	8.860818e-05
14616	8.492125e-05
14628	8.432417e-05
14640	8.89501e-05
14652	8.772564e-05
14664	8.621017e-05
14676	8.55777e-05
14688	8.887703e-05
14700	8.834582e-05
14712	8.896161e-05
14724	8.482997e-05
14736	8.598919e-05
14748	8.75329e-05
14760	8.375415e-05
14772	8.2939e-05
14784	8.754052e-05
14796	8.532787e-05
14808	8.588991e-05
14820	8.395794e-05
14832	8.516427e-05
14844	8.282582e-05
14856	8.620299e-05
14868	8.510325e-05
14880	8.574965e-05
14892	8.307271e-05
14904	8.235939e-05
14916	8.246501e-05
14928	8.104761e-05
14940	8.374427e-05
14952	8.547587e-05
14964	8.267549e-05
14976	8.295516e-05
14988	8.395407e-05
15000	8.269272e-05
15012	8.168618e-05
15024	8.534102e-05
15036	8.053912e-05
15048	8.288743e-05
15060	8.237774e-05
15072	7.762723e-05
15084	8.135693e-05
15096	8.220039e-05
15108	8.124541e-05
15120	8.157243e-05
15132	8.105907e-05
15144	8.555875e-05
15156	7.878524e-05
15168	8.117671e-05
15180	7.916827e-05
15192	8.255902e-05
15204	8.35711e-05
15216	8.493028e-05
15228	8.022079e-05
15240	8.072068e-05
15252	8.26367e-05
15264	8.02952e-05
15276	8.636331e-05
15288	8.061242e-05
15300	8.298052e-05
15312	8.064626e-05
15324	7.919291e-05
15336	8.229381e-05
15348	7.961167e-05
15360	8.222884e-05
15372	7.940938e-05
15384	7.684562e-05
15396	7.777056e-05
15408	8.047569e-05
15420	7.759938e-05
15432	7.58664e-05
15444	8.122453e-05
15456	8.036313e-05
15468	8.029169e-05
15480	7.837166e-05
15492	8.139362e-05
15504	8.002648e-05
15516	7.987896e-05
15528	7.857139e-05
15540	7.863757e-05
15552	7.775754e-05
15564	7.858704e-05
15576	7.918804e-05
15588	7.896285e-05
15600	7.841097e-05
15612	7.712581e-05
15624	7.96048e-05
15636	8.033786e-05
15648	7.789995e-05
15660	7.78556e-05
15672	7.880174e-05
15684	8.111469e-05
15696	7.63553e-05
15708	7.650448e-05
15720	7.575496e-05
15732	7.514293e-05
15744	7.780716e-05
15756	7.593296e-05
15768	7.808305e-05
15780	7.78972e-05
15792	7.682767e-05
15804	7.423707e-05
15816	7.455017e-05
15828	7.835605e-05
15840	7.53915e-05
15852	7.688683e-05
15864	7.55358e-05
15876	7.760144e-05
15888	7.507717e-05
15900	7.297944e-05
15912	7.638057e-05
15924	7.743717e-05
15936	7.324312e-05
15948	7.523527e-05
15960	7.48274e-05
15972	7.531838e-05
15984	7.575141e-05
15996	7.7274e-05
16008	7.6585e-05
16020	7.462551e-05
16032	7.450915e-05
16044	7.742042e-05
16056	7.445712e-05
16068	7.57731e-05
16080	7.195146e-05
16092	7.220429e-05
16104	7.423155e-05
16116	7.430209e-05
16128	7.755076e-05
16140	7.370711e-05
16152	7.218164e-05
16164	7.44458e-05
16176	7.288244e-05
16188	7.323784e-05
16200	7.210906e-05
16212	7.463866e-05
16224	7.392191e-05
16236	7.28819e-05
16248	7.346411e-05
16260	7.287348e-05
16272	7.301869e-05
16284	7.344144e-05
16296	7.317813e-05
16308	6.866434e-05
16320	7.158457e-05
16332	7.477817e-05
16344	7.185944e-05
16356	7.286006e-05
16368	7.198501e-05
16380	7.219996e-05
16392	7.048231e-05
16404	7.516002e-05
16416	7.17372e-05
16428	7.524258e-05
16440	7.033166e-05
16452	7.164493e-05
16464	6.940369e-05
16476	7.138577e-05
16488	7.106872e-05
16500	7.300424e-05
16512	6.920693e-05
16524	6.91724e-05
16536	7.123287e-05
16548	7.05827e-05
16560	7.103229e-05
16572	7.142754e-05
16584	7.114963e-05
16596	7.665905e-05
16608	7.134493e-05
16620	7.200823e-05
16632	6.930617e-05
16644	6.748556e-05
16656	7.14881e-05
16668	7.139481e-05
16680	7.229962e-05
16692	6.711962e-05
16704	7.031895e-05
16716	7.271531e-05
16728	7.114951e-05
16740	7.206414e-05
16752	7.063011e-05
16764	6.917085e-05
16776	7.191924e-05
16788	7.191877e-05
16800	7.113539e-05
16812	6.962546e-05
16824	6.954138e-05
16836	6.803071e-05
16848	6.990376e-05
16860	7.066738e-05
16872	7.017156e-05
16884	6.790765e-05
16896	6.8977e-05
16908	6.859355e-05
16920	7.006851e-05
16932	6.948131e-05
16944	6.749682e-05
16956	6.683052e-05
16968	6.720558e-05
16980	6.830887e-05
16992	6.821144e-05
17004	6.785496e-05
17016	7.085645e-05
17028	7.069163e-05
17040	6.609659e-05
17052	6.907325e-05
17064	6.834448e-05
17076	6.970194e-05
17088	6.70733e-05
17100	6.724785e-05
17112	6.655898e-05
17124	6.796104e-05
17136	6.614819e-05
17148	6.651384e-05
17160	6.572446e-05
17172	6.787411e-05
17184	6.540555e-05
17196	6.648606e-05
17208	6.708469e-05
17220	7.016048e-05
17232	6.67898e-05
17244	6.786353e-05
17256	6.800733e-05
17268	6.827892e-05
17280	6.58244e-05
17292	6.800079e-05
17304	6.713157e-05
17316	6.636558e-05
17328	6.830118e-05
17340	6.441471e-05
17352	6.684617e-05
17364	6.67686e-05
17376	6.572619e-05
17388	6.953796e-05
17400	6.653083e-05
17412	6.670701e-05
17424	6.596536e-05
17436	6.833411e-05
17448	6.566689e-05
17460	6.340677e-05
17472	6.763557e-05
17484	6.393612e-05
17496	6.649085e-05
17508	6.500111e-05
17520	6.460564e-05
17532	6.655464e-05
17544	6.589869e-05
17556	6.837854e-05
17568	6.507416e-05
17580	6.468726e-05
17592	6.366825e-05
17604	6.173849e-05
17616	6.308497e-05
17628	6.926404e-05
17640	6.49945e-05
17652	6.603657e-05
17664	6.26445e-05
17676	6.624332e-05
17688	6.370177e-05
17700	6.329549e-05
17712	6.623907e-05
17724	6.153709e-05
17736	6.420006e-05
17748	6.425736e-05
17760	6.424787e-05
17772	6.258815e-05
17784	6.307889e-05
17796	6.264773e-05
17808	6.527359e-05
17820	6.290017e-05
17832	6.576537e-05
17844	6.348273e-05
17856	6.410811e-05
17868	6.269209e-05
17880	6.599184e-05
17892	6.269685e-05
17904	6.222457e-05
17916	6.226482e-05
17928	6.216795e-05
17940	6.448128e-05
17952	6.506778e-05
17964	6.130032e-05
17976	6.44689e-05
17988	6.162829e-05
18000	6.084632e-05
18012	6.248475e-05
18024	6.155731e-05
18036	6.218126e-05
18048	6.03478e-05
18060	6.377443e-05
18072	6.026032e-05
18084	6.054721e-05
18096	6.120913e-05
18108	6.133712e-05
18120	6.250429e-05
18132	5.938342e-05
18144	6.090332e-05
18156	6.10262e-05
18168	6.005504e-05
18180	6.014368e-05
18192	6.032463e-05
18204	6.133015e-05
18216	6.025181e-05
18228	6.099422e-05
18240	5.797477e-05
18252	6.205781e-05
18264	5.956793e-05
18276	6.158194e-05
18288	6.061113e-05
18300	6.017348e-05
18312	6.230667e-05
18324	5.984734e-05
18336	5.896432e-05
18348	5.894906e-05
18360	5.943275e-05
18372	5.843699e-05
18384	5.893991e-05
18396	5.777129e-05
18408	5.993092e-05
18420	5.827815e-05
18432	6.096788e-05
18444	6.018299e-05
18456	5.647094e-05
18468	5.890129e-05
18480	5.700192e-05
18492	5.930973e-05
18504	5.881517e-05
18516	6.001629e-05
18528	5.699484e-05
18540	5.848503e-05
18552	5.903177e-05
18564	5.857195e-05
18576	5.883881e-05
18588	5.874173e-05
18600	6.118906e-05
18612	5.82965e-05
18624	5.790502e-05
18636	5.647982e-05
18648	5.751237e-05
18660	5.871749e-05
18672	5.784168e-05
18684	5.796144e-05
18696	5.740874e-05
18708	5.863922e-05
18720	5.626439e-05
18732	5.692449e-05
18744	5.554146e-05
18756	5.555751e-05
18768	5.436007e-05
18780	5.642348e-05
18792	5.615964e-05
18804	5.740334e-05
18816	5.624392e-05
18828	5.379707e-05
18840	5.421453e-05
18852	5.536065e-05
18864	5.842869e-05
18876	5.400641e-05
18888	5.438723e-05
18900	5.775011e-05
18912	5.53767e-05
18924	5.515815e-05
18936	5.309487e-05
18948	5.491439e-05
18960	5.54396e-05
18972	5.363424e-05
18984	5.229424e-05
18996	5.518848e-05
19008	5.540072e-05
19020	5.328198e-05
19032	5.610253e-05
19044	5.512218e-05
19056	5.253538e-05
19068	5.28744e-05
19080	5.190046e-05
19092	5.264827e-05
19104	5.381354e-05
19116	5.275496e-05
19128	5.391805e-05
19140	5.33177e-05
19152	5.173835e-05
19164	5.317213e-05
19176	5.247096e-05
19188	5.235902e-05
19200	5.341615e-05
19212	5.20534e-05
19224	5.26085e-05
19236	5.028157e-05
19248	5.023972e-05
19260	5.133678e-05
19272	5.320491e-05
19284	5.234122e-05
19296	5.278381e-05
19308	5.105832e-05
19320	5.4379e-05
19332	4.969779e-05
19344	5.040717e-05
19356	5.055943e-05
19368	5.209363e-05
19380	5.091516e-05
19392	4.975125e-05
19404	5.061361e-05
19416	5.401323e-05
19428	5.070191e-05
19440	4.888435e-05
19452	5.004542e-05
19464	4.889575e-05
19476	4.832007e-05
19488	4.762324e-05
19500	4.836533e-05
19512	4.955566e-05
19524	4.913901e-05
19536	4.840939e-05
19548	5.193547e-05
19560	5.044956e-05
19572	4.650698e-05
19584	5.03288e-05
19596	4.743344e-05
19608	4.789633e-05
19620	4.852146e-05
19632	4.84528e-05
19644	4.674793e-05
19656	4.933103e-05
19668	4.999587e-05
19680	4.625745e-05
19692	4.639795e-05
19704	4.719637e-05
19716	4.6294e-05
19728	4.771681e-05
19740	4.866792e-05
19752	4.541433e-05
19764	4.592901e-05
19776	4.773528e-05
19788	4.639271e-05
19800	4.77173e-05
19812	4.681014e-05
19824	4.591945e-05
19836	4.457957e-05
19848	4.683379e-05
19860	4.705796e-05
19872	4.378926e-05
19884	4.355357e-05
19896	4.579909e-05
19908	4.566912e-05
19920	4.619255e-05
19932	4.443251e-05
19944	4.477076e-05
19956	4.70558e-05
19968	4.475903e-05
19980	4.350546e-05
19992	4.575902e-05
20004	4.506008e-05
20016	4.605933e-05
20028	4.163595e-05
20040	4.389881e-05
20052	4.464739e-05
20064	4.309168e-05
20076	4.451623e-05
20088	4.416544e-05
20100	4.465418e-05
20112	4.367939e-05
20124	4.424803e-05
20136	4.314296e-05
20148	4.26722e-05
20160	4.285769e-05
20172	4.260914e-05
20184	4.250373e-05
20196	4.19513e-05
20208	4.26135e-05
20220	4.22101e-05
20232	4.235323e-05
20244	4.153381e-05
20256	4.196115e-05
20268	4.156686e-05
20280	4.070005e-05
20292	4.202788e-05
20304	4.028228e-05
20316	4.054147e-05
20328	3.96299e-05
20340	4.065001e-05
20352	4.025996e-05
20364	3.979778e-05
20376	3.94021e-05
20388	4.165449e-05
20400	3.966888e-05
20412	3.837358e-05
20424	3.880042e-05
20436	3.884626e-05
20448	3.84152e-05
20460	4.009532e-05
20472	3.956274e-05
20484	3.828928e-05
20496	3.814042e-05
20508	3.903235e-05
20520	3.949829e-05
20532	3.64879e-05
20544	3.78215e-05
20556	3.815292e-05
20568	3.860558e-05
20580	3.840245e-05
20592	3.772715e-05
20604	3.662789e-05
20616	3.633902e-05
20628	3.689095e-05
20640	3.699734e-05
20652	3.660172e-05
20664	3.653751e-05
20676	3.655344e-05
20688	3.743957e-05
20700	3.76668e-05
20712	3.552138e-05
20724	3.572265e-05
20736	3.56251e-05
20748	3.622359e-05
20760	3.738847e-05
20772	3.538792e-05
20784	3.564663e-05
20796	3.562847e-05
20808	3.589276e-05
20820	3.452937e-05
20832	3.451056e-05
20844	3.45652e-05
20856	3.588969e-05
20868	3.446184e-05
20880	3.353062e-05
20892	3.443794e-05
20904	3.391509e-05
20916	3.31997e-05
20928	3.298192e-05
20940	3.490536e-05
20952	3.343287e-05
20964	3.372402e-05
20976	3.201688e-05
20988	3.312564e-05
21000	3.46146e-05
21012	3.298217e-05
21024	3.278962e-05
21036	3.312783e-05
21048	3.260305e-05
21060	3.161553e-05
21072	3.183929e-05
21084	3.243121e-05
21096	3.181452e-05
21108	3.159945e-05
21120	3.276339e-05
21132	3.131609e-05
21144	3.084835e-05
21156	3.115181e-05
21168	3.112485e-05
21180	3.061486e-05
21192	3.157399e-05
21204	3.102099e-05
21216	3.047783e-05
21228	3.006689e-05
21240	3.001773e-05
21252	3.161288e-05
21264	3.019222e-05
21276	3.078298e-05
21288	2.871966e-05
21300	2.947312e-05
21312	3.070008e-05
21324	2.896089e-05
21336	2.950669e-05
21348	2.904033e-05
21360	2.872774e-05
21372	2.934128e-05
21384	2.81484e-05
21396	2.912479e-05
21408	2.827676e-05
21420	2.804621e-05
21432	2.97661e-05
21444	2.783794e-05
21456	2.964994e-05
21468	2.767276e-05
21480	2.764773e-05
21492	2.722711e-05
21504	2.734904e-05
21516	2.733536e-05
21528	2.668476e-05
21540	2.706497e-05
21552	2.642961e-05
21564	2.622643e-05
21576	2.707556e-05
21588	2.616755e-05
21600	2.616661e-05
21612	2.645122e-05
21624	2.59319e-05
21636	2.626838e-05
21648	2.533816e-05
21660	2.599011e-05
21672	2.543812e-05
21684	2.480114e-05
21696	2.630468e-05
21708	2.542342e-05
21720	2.523019e-05
21732	2.496437e-05
21744	2.526365e-05
21756	2.464011e-05
21768	2.563072e-05
21780	2.459582e-05
21792	2.454583e-05
21804	2.395742e-05
21816	2.480555e-05
21828	2.421299e-05
21840	2.480654e-05
21852	2.421064e-05
21864	2.278496e-05
21876	2.424552e-05
21888	2.358909e-05
21900	2.253249e-05
21912	2.326911e-05
21924	2.344913e-05
21936	2.300164e-05
21948	2.340107e-05
21960	2.286048e-05
21972	2.286894e-05
21984	2.228876e-05
21996	2.274417e-05
22008	2.268889e-05
22020	2.185671e-05
22032	2.21871e-05
22044	2.186824e-05
22056	2.193733e-05
22068	2.233043e-05
22080	2.105639e-05
22092	2.085391e-05
22104	2.094413e-05
22116	2.079295e-05
22128	2.131352e-05
22140	2.069877e-05
22152	2.1001e-05
22164	2.120345e-05
22176	2.009509e-05
22188	2.001377e-05
22200	2.129611e-05
22212	1.997021e-05
22224	2.027825e-05
22236	2.031486e-05
22248	2.011222e-05
22260	1.961125e-05
22272	1.994924e-05
22284	1.932369e-05
22296	1.961068e-05
22308	1.886791e-05
22320	1.880848e-05
22332	1.968898e-05
22344	1.946298e-05
22356	1.920256e-05
22368	1.865973e-05
22380	1.903627e-05
22392	1.884437e-05
22404	1.863027e-05
22416	1.796614e-05
22428	1.8867e-05
22440	1.857893e-05
22452	1.793186e-05
22464	1.852213e-05
22476	1.791024e-05
22488	1.762518e-05
22500	1.780673e-05
22512	1.759101e-05
22524	1.783726e-05
22536	1.815783e-05
22548	1.749214e-05
22560	1.727027e-05
22572	1.774184e-05
22584	1.740401e-05
22596	1.680256e-05
22608	1.714839e-05
22620	1.709602e-05
22632	1.75075e-05
22644	1.632393e-05
22656	1.651224e-05
22668	1.602538e-05
22680	1.658195e-05
22692	1.63755e-05
22704	1.628538e-05
22716	1.666789e-05
22728	1.620091e-05
22740	1.571982e-05
22752	1.593119e-05
22764	1.503684e-05
22776	1.55233e-05
22788	1.601759e-05
22800	1.59504e-05
22812	1.557213e-05
22824	1.538481e-05
22836	1.534508e-05
22848	1.570295e-05
22860	1.548886e-05
22872	1.563282e-05
22884	1.512696e-05
22896	1.543096e-05
22908	1.516077e-05
22920	1.466243e-05
22932	1.488445e-05
22944	1.441359e-05
22956	1.461032e-05
22968	1.42385e-05
22980	1.51784e-05
22992	1.431246e-05
23004	1.411572e-05
23016	1.415974e-05
23028	1.378119e-05
23040	1.414738e-05
23052	1.374861e-05
23064	1.372978e-05
23076	1.397367e-05
23088	1.399299e-05
23100	1.330221e-05
23112	1.439631e-05
23124	1.388123e-05
23136	1.362209e-05
23148	1.356321e-05
23160	1.337926e-05
23172	1.366805e-05
23184	1.329192e-05
23196	1.310813e-05
23208	1.31718e-05
23220	1.303477e-05
23232	1.300019e-05
23244	1.266653e-05
23256	1.294501e-05
23268	1.302783e-05
23280	1.250247e-05
23292	1.275882e-05
23304	1.247938e-05
23316	1.239475e-05
23328	1.252711e-05
23340	1.239413e-05
23352	1.225766e-05
23364	1.2455e-05
23376	1.223311e-05
23388	1.263491e-05
23400	1.218488e-05
23412	1.221015e-05
23424	1.219252e-05
23436	1.201813e-05
23448	1.221141e-05
23460	1.215945e-05
23472	1.165938e-05
23484	1.203859e-05
23496	1.16451e-05
23508	1.158457e-05
23520	1.182931e-05
23532	1.165221e-05
23544	1.175289e-05
23556	1.151089e-05
23568	1.158406e-05
23580	1.16436e-05
23592	1.178784e-05
23604	1.150094e-05
23616	1.126135e-05
23628	1.174369e-05
23640	1.159303e-05
23652	1.164455e-05
23664	1.119218e-05
23676	1.129021e-05
23688	1.084909e-05
23700	1.13348e-05
23712	1.067149e-05
23724	1.116948e-05
23736	1.123773e-05
23748	1.075487e-05
23760	1.08476e-05
23772	1.12613e-05
23784	1.062566e-05
23796	1.129362e-05
23808	1.091126e-05
23820	1.124655e-05
23832	1.07146e-05
23844	1.117533e-05
23856	1.168484e-05
23868	1.074571e-05
23880	1.072742e-05
23892	1.081434e-05
23904	1.141388e-05
23916	1.063407e-05
23928	1.08758e-05
23940	1.104953e-05
23952	1.069626e-05
23964	1.082187e-05
23976	1.062544e-05
23988	1.080722e-05
24000	5.403839e-06
