0	0.0005259595
12	0.001457343
24	0.002384425
36	0.003521875
48	0.004269437
60	0.005123022
72	0.005510313
84	0.006244228
96	0.006491653
108	0.006767933
120	0.006993701
132	0.00720674
144	0.007383478
156	0.007494054
168	0.007592075
180	0.007865802
192	0.007774474
204	0.007818851
216	0.007842052
228	0.007938674
240	0.008048504
252	0.008036428
264	0.008041306
276	0.008155055
288	0.008060758
300	0.008184046
312	0.008343388
324	0.008307893
336	0.00834657
348	0.008373164
360	0.008211369
372	0.008251145
384	0.008302835
396	0.008322794
408	0.00842809
420	0.008346272
432	0.008317488
444	0.00815308
456	0.008207879
468	0.008345176
480	0.008323844
492	0.008238561
504	0.00850021
516	0.008456508
528	0.008451377
540	0.008418945
552	0.008198168
564	0.008473536
576	0.008105244
588	0.008393694
600	0.00856258
612	0.008202462
624	0.008528629
636	0.008226241
648	0.008385332
660	0.008362311
672	0.008466901
684	0.00843177
696	0.008551069
708	0.008277389
720	0.008346505
732	0.008327305
744	0.008158388
756	0.008625546
768	0.008387887
780	0.008576851
792	0.008436759
804	0.008395934
816	0.008383869
828	0.008483806
840	0.008361641
852	0.008750288
864	0.008396422
876	0.008335191
888	0.008382756
900	0.008421685
912	0.008380026
924	0.008382619
936	0.008499094
948	0.008257044
960	0.008352285
972	0.008454756
984	0.008458329
996	0.008226373
1008	0.008555248
1020	0.008404798
1032	0.00830196
1044	0.00844813
1056	0.008503813
1068	0.008553416
1080	0.008387112
1092	0.008361517
1104	0.00825165
1116	0.008447031
1128	0.00855752
1140	0.008447092
1152	0.008309266
1164	0.008415285
1176	0.008468524
1188	0.008158392
1200	0.008436377
1212	0.008481894
1224	0.008379809
1236	0.008393272
1248	0.008534665
1260	0.008534812
1272	0.008410279
1284	0.008347887
1296	0.00846104
1308	0.008405587
1320	0.008390713
1332	0.008556134
1344	0.008491121
1356	0.008232495
1368	0.008444361
1380	0.008271307
1392	0.008490111
1404	0.0084046
1416	0.008283055
1428	0.008288915
1440	0.008377393
1452	0.008340582
1464	0.008349082
1476	0.008332439
1488	0.008439302
1500	0.008501714
1512	0.00823954
1524	0.00848049
1536	0.008425712
1548	0.008115962
1560	0.008488019
1572	0.008536866
1584	0.008479668
1596	0.008438275
1608	0.008586702
1620	0.008540248
1632	0.008429744
1644	0.008227427
1656	0.008364799
1668	0.008469827
1680	0.008320297
1692	0.008412899
1704	0.008484714
1716	0.008505062
1728	0.008534282
1740	0.00825534
1752	0.008285362
1764	0.008290246
1776	0.008423607
1788	0.008381073
1800	0.008286242
1812	0.008205327
1824	0.008319434
1836	0.008610143
1848	0.008323813
1860	0.008192349
1872	0.008284023
1884	0.008334404
1896	0.008155225
1908	0.00842189
1920	0.008280125
1932	0.008439197
1944	0.008290359
1956	0.008404867
1968	0.008149565
1980	0.008443926
1992	0.008404007
2004	0.008348051
2016	0.008384325
2028	0.008386585
2040	0.008415268
2052	0.008440501
2064	0.008522854
2076	0.008329869
2088	0.008263819
2100	0.00816891
2112	0.00828915
2124	0.008140326
2136	0.008356517
2148	0.008351093
2160	0.008573334
2172	0.008256725
2184	0.008361158
2196	0.008323098
2208	0.0084353
2220	0.008359005
2232	0.00843405
2244	0.008300897
2256	0.008404713
2268	0.008222793
2280	0.008157546
2292	0.008138665
2304	0.008340901
2316	0.008318948
2328	0.008665461
2340	0.008305853
2352	0.008228874
2364	0.008465711
2376	0.008196962
2388	0.00832451
2400	0.008198553
2412	0.008291055
2424	0.008437607
2436	0.00833789
2448	0.008550908
2460	0.008286523
2472	0.008295452
2484	0.008400445
2496	0.008124027
2508	0.008499514
2520	0.0084106
2532	0.00837127
2544	0.008227434
2556	0.00836054
2568	0.00824141
2580	0.008178502
2592	0.008261785
2604	0.008400815
2616	0.008258365
2628	0.008419549
2640	0.008190195
2652	0.008151097
2664	0.008444414
2676	0.008389722
2688	0.008336477
2700	0.00840616
2712	0.008308698
2724	0.00838585
2736	0.008132128
2748	0.00833403
2760	0.008463906
2772	0.008194187
2784	0.008210389
2796	0.008274352
2808	0.008262347
2820	0.008116998
2832	0.00828522
2844	0.008435426
2856	0.008299667
2868	0.008135258
2880	0.008221153
2892	0.008491313
2904	0.008267294
2916	0.008351305
2928	0.008382794
2940	0.008220365
2952	0.008331575
2964	0.00837581
2976	0.008445451
2988	0.008244421
3000	0.008167005
3012	0.008332882
3024	0.008487739
3036	0.008241235
3048	0.00841189
3060	0.008202476
3072	0.008405917
3084	0.008254531
3096	0.008247172
3108	0.008422032
3120	0.008462975
3132	0.008363035
3144	0.008212243
3156	0.008156889
3168	0.008343381
3180	0.008284544
3192	0.008518114
3204	0.008301523
3216	0.008361604
3228	0.008437201
3240	0.008424581
3252	0.008423362
3264	0.00828002
3276	0.008310929
3288	0.008341781
3300	0.008106662
3312	0.00804435
3324	0.008186004
3336	0.008272802
3348	0.008253416
3360	0.008144224
3372	0.008296604
3384	0.008233013
3396	0.008262104
3408	0.008294901
3420	0.008259062
3432	0.008363688
3444	0.008494898
3456	0.008318485
3468	0.008303989
3480	0.008385537
3492	0.008133795
3504	0.008398233
3516	0.008008088
3528	0.008393561
3540	0.008258754
3552	0.00841305
3564	0.008403084
3576	0.008297396
3588	0.008176069
3600	0.008239073
3612	0.008276797
3624	0.008276351
3636	0.008339965
3648	0.008186903
3660	0.008373798
3672	0.008515757
3684	0.008312541
3696	0.008342351
3708	0.008420553
3720	0.00818691
3732	0.008389823
3744	0.008371494
3756	0.008481078
3768	0.008238008
3780	0.008392247
3792	0.008517472
3804	0.008315245
3816	0.008373565
3828	0.008288691
3840	0.008266043
3852	0.008281718
3864	0.008524787
3876	0.008506037
3888	0.008260217
3900	0.008353876
3912	0.008312943
3924	0.008338693
3936	0.008545475
3948	0.008422655
3960	0.008437464
3972	0.008342501
3984	0.008462671
3996	0.008360516
4008	0.008303014
4020	0.008335589
4032	0.00843023
4044	0.008367055
4056	0.008444808
4068	0.008355064
4080	0.008451303
4092	0.008282809
4104	0.008521512
4116	0.00834362
4128	0.008392911
4140	0.008546242
4152	0.00857154
4164	0.008385913
4176	0.008386374
4188	0.008370977
4200	0.008443984
4212	0.00828723
4224	0.00834949
4236	0.008514389
4248	0.00847622
4260	0.008367014
4272	0.008228136
4284	0.0083979
4296	0.008490004
4308	0.008414319
4320	0.00826964
4332	0.008352111
4344	0.008316284
4356	0.008492076
4368	0.008707113
4380	0.008450003
4392	0.008348236
4404	0.008349218
4416	0.008465353
4428	0.008424712
4440	0.008453866
4452	0.008547479
4464	0.008447999
4476	0.008283139
4488	0.008465139
4500	0.00842439
4512	0.008446474
4524	0.008490806
4536	0.008569519
4548	0.008291595
4560	0.008654873
4572	0.008476845
4584	0.00831101
4596	0.008493154
4608	0.008584294
4620	0.008521209
4632	0.008364867
4644	0.008673495
4656	0.008447096
4668	0.008387434
4680	0.008396238
4692	0.008343835
4704	0.00839971
4716	0.008310071
4728	0.008469237
4740	0.008511398
4752	0.00838198
4764	0.008382637
4776	0.008439179
4788	0.008544755
4800	0.008565166
4812	0.008522382
4824	0.008509257
4836	0.008550876
4848	0.008583557
4860	0.00866818
4872	0.008540891
4884	0.008614931
4896	0.008530997
4908	0.008490066
4920	0.008393273
4932	0.008343469
4944	0.008222677
4956	0.008700138
4968	0.00861487
4980	0.008581235
4992	0.008403416
5004	0.008253994
5016	0.00849136
5028	0.008510248
5040	0.008523845
5052	0.00867654
5064	0.008508298
5076	0.008429651
5088	0.008429696
5100	0.008735564
5112	0.008628774
5124	0.008547193
5136	0.008678081
5148	0.008624003
5160	0.008601314
5172	0.008615587
5184	0.008594142
5196	0.008625872
5208	0.008800033
5220	0.008586726
5232	0.008640683
5244	0.00848231
5256	0.008545069
5268	0.008459163
5280	0.008368486
5292	0.008652494
5304	0.008571834
5316	0.008638375
5328	0.008507092
5340	0.00863771
5352	0.008724526
5364	0.008838026
5376	0.00847542
5388	0.008495236
5400	0.008503926
5412	0.008716499
5424	0.008633939
5436	0.008567017
5448	0.008623368
5460	0.008617961
5472	0.008650099
5484	0.008466865
5496	0.008673181
5508	0.008633523
5520	0.008495565
5532	0.008460112
5544	0.008597128
5556	0.008592082
5568	0.0084626
5580	0.008498793
5592	0.008653655
5604	0.008552788
5616	0.008741182
5628	0.008671494
5640	0.008586525
5652	0.008291307
5664	0.008707021
5676	0.008619659
5688	0.008552771
5700	0.008428928
5712	0.008591901
5724	0.008669783
5736	0.008813988
5748	0.008775949
5760	0.008475007
5772	0.008584548
5784	0.008708415
5796	0.008721646
5808	0.008655611
5820	0.008593129
5832	0.008770511
5844	0.008685551
5856	0.008573072
5868	0.008535957
5880	0.008557802
5892	0.008598095
5904	0.008499465
5916	0.00870816
5928	0.008623904
5940	0.008392771
5952	0.008931385
5964	0.0088069
5976	0.008705195
5988	0.008625286
6000	0.008692358
6012	0.008494634
6024	0.008552504
6036	0.00864804
6048	0.008666106
6060	0.008400669
6072	0.008523663
6084	0.008599428
6096	0.008690543
6108	0.008888825
6120	0.008615371
6132	0.008931973
6144	0.008385892
6156	0.008693757
6168	0.008519537
6180	0.008569543
6192	0.008493164
6204	0.008476667
6216	0.008506032
6228	0.008529125
6240	0.008648704
6252	0.008660306
6264	0.008623607
6276	0.008823092
6288	0.00854562
6300	0.008687842
6312	0.008504071
6324	0.008802785
6336	0.008722455
6348	0.008624364
6360	0.008636503
6372	0.008715878
6384	0.008638947
6396	0.008670092
6408	0.008574884
6420	0.008669572
6432	0.008684349
6444	0.008683318
6456	0.008516727
6468	0.008819492
6480	0.008687649
6492	0.008860591
6504	0.008764828
6516	0.008606642
6528	0.008715493
6540	0.00886045
6552	0.008586545
6564	0.008559759
6576	0.008717446
6588	0.008878704
6600	0.008585946
6612	0.008527908
6624	0.008582583
6636	0.008667652
6648	0.00854008
6660	0.008656088
6672	0.008629538
6684	0.008583059
6696	0.00864249
6708	0.008443207
6720	0.008781904
6732	0.008418616
6744	0.008579697
6756	0.008660036
6768	0.008589763
6780	0.008651045
6792	0.008477914
6804	0.008623806
6816	0.008547899
6828	0.008625218
6840	0.008517598
6852	0.008534188
6864	0.008575208
6876	0.00847748
6888	0.0087606
6900	0.008649332
6912	0.008526683
6924	0.008803809
6936	0.008694641
6948	0.008785374
6960	0.008422816
6972	0.008636004
6984	0.008650331
6996	0.008595549
7008	0.008499645
7020	0.008777548
7032	0.008699457
7044	0.00876779
7056	0.008745701
7068	0.008816097
7080	0.008498149
7092	0.008632327
7104	0.008206792
7116	0.008586913
7128	0.008607455
7140	0.008650564
7152	0.008745051
7164	0.008580071
7176	0.008541326
7188	0.008556587
7200	0.008498553
7212	0.008746877
7224	0.008720735
7236	0.008673379
7248	0.008728903
7260	0.008575296
7272	0.008583361
7284	0.008640423
7296	0.008556407
7308	0.008491795
7320	0.008570103
7332	0.008644189
7344	0.00854104
7356	0.008482737
7368	0.008496247
7380	0.008535483
7392	0.008534635
7404	0.008629478
7416	0.008774265
7428	0.008580016
7440	0.008747409
7452	0.008347447
7464	0.008550388
7476	0.008310426
7488	0.008580165
7500	0.008686
7512	0.008594774
7524	0.00842176
7536	0.0085981
7548	0.008613396
7560	0.008549747
7572	0.008536451
7584	0.008577483
7596	0.008522809
7608	0.008543816
7620	0.008572767
7632	0.008498666
7644	0.008624306
7656	0.008502576
7668	0.008391316
7680	0.008578341
7692	0.008773185
7704	0.008542758
7716	0.008567574
7728	0.008764592
7740	0.008530471
7752	0.008701368
7764	0.008640735
7776	0.008543189
7788	0.008571271
7800	0.008477383
7812	0.008685114
7824	0.008481852
7836	0.008570015
7848	0.008448187
7860	0.008621832
7872	0.008508568
7884	0.00847448
7896	0.008430823
7908	0.008334025
7920	0.008429934
7932	0.008488897
7944	0.008393588
7956	0.008603107
7968	0.008449724
7980	0.008539316
7992	0.008404561
8004	0.008499164
8016	0.008543217
8028	0.008501581
8040	0.008546646
8052	0.008428349
8064	0.008747282
8076	0.008751929
8088	0.008497897
8100	0.008473128
8112	0.008443645
8124	0.008309163
8136	0.008552192
8148	0.008462154
8160	0.008386682
8172	0.008630134
8184	0.008420787
8196	0.008350257
8208	0.008413401
8220	0.00846654
8232	0.008394646
8244	0.008475429
8256	0.008435895
8268	0.008396337
8280	0.008549253
8292	0.00849412
8304	0.008540246
8316	0.008517078
8328	0.008403926
8340	0.008425959
8352	0.008436698
8364	0.008673685
8376	0.0083618
8388	0.008461338
8400	0.008639836
8412	0.008532416
8424	0.008556936
8436	0.008531842
8448	0.008357499
8460	0.008486445
8472	0.008642761
8484	0.008545845
8496	0.008526657
8508	0.00872223
8520	0.008441936
8532	0.008293886
8544	0.008408972
8556	0.008449517
8568	0.00862496
8580	0.008386746
8592	0.008509345
8604	0.008417029
8616	0.008550409
8628	0.008471802
8640	0.00827608
8652	0.008240471
8664	0.008452084
8676	0.008274492
8688	0.008396504
8700	0.008375378
8712	0.008467238
8724	0.00851842
8736	0.008337756
8748	0.008379736
8760	0.008340308
8772	0.008292484
8784	0.008365267
8796	0.008359231
8808	0.008399634
8820	0.008320807
8832	0.008318231
8844	0.008380799
8856	0.008618616
8868	0.008369803
8880	0.008463801
8892	0.008074766
8904	0.008483369
8916	0.008358818
8928	0.008315792
8940	0.008462493
8952	0.008351089
8964	0.008292546
8976	0.008366976
8988	0.008341747
9000	0.008207484
9012	0.008538279
9024	0.008237318
9036	0.008464684
9048	0.008364707
9060	0.008515768
9072	0.008304877
9084	0.008215931
9096	0.008441055
9108	0.008405228
9120	0.00841313
9132	0.008327267
9144	0.008386887
9156	0.008417078
9168	0.008413915
9180	0.008496128
9192	0.008473173
9204	0.008130507
9216	0.00833132
9228	0.00834919
9240	0.008312101
9252	0.00843259
9264	0.008233348
9276	0.008296393
9288	0.008413096
9300	0.00820131
9312	0.00831103
9324	0.008296541
9336	0.008220876
9348	0.008255051
9360	0.008473296
9372	0.008349001
9384	0.008286861
9396	0.008281471
9408	0.008423958
9420	0.008302541
9432	0.008486356
9444	0.008378064
9456	0.008219014
9468	0.0084435
9480	0.008152441
9492	0.008278189
9504	0.008333405
9516	0.008138037
9528	0.008393945
9540	0.008389051
9552	0.008351105
9564	0.008423175
9576	0.008235038
9588	0.008225361
9600	0.008211462
9612	0.008395843
9624	0.008383881
9636	0.008368761
9648	0.008296027
9660	0.008613907
9672	0.008236465
9684	0.008262781
9696	0.008477616
9708	0.008216486
9720	0.008451677
9732	0.008329657
9744	0.008428769
9756	0.008269623
9768	0.0083687
9780	0.008230027
9792	0.008164354
9804	0.008197616
9816	0.008155161
9828	0.008319675
9840	0.008487042
9852	0.008291267
9864	0.008201234
9876	0.008309983
9888	0.00854629
9900	0.008289618
9912	0.008308035
9924	0.008591522
9936	0.008385964
9948	0.008241954
9960	0.008476402
9972	0.008370969
9984	0.00826916
9996	0.008400896
10008	0.008455189
10020	0.00829571
10032	0.008239134
10044	0.008369163
10056	0.008600512
10068	0.00828436
10080	0.008423121
10092	0.008301782
10104	0.008448424
10116	0.008474912
10128	0.008287187
10140	0.008428887
10152	0.008230133
10164	0.008367525
10176	0.008492896
10188	0.008502917
10200	0.008358404
10212	0.00820572
10224	0.008235859
10236	0.008293452
10248	0.008458187
10260	0.008388879
10272	0.008369567
10284	0.008362351
10296	0.008289407
10308	0.008311713
10320	0.008258004
10332	0.008280703
10344	0.008471782
10356	0.008345866
10368	0.0083903
10380	0.008306567
10392	0.008300983
10404	0.008540655
10416	0.008284709
10428	0.008114823
10440	0.008438068
10452	0.008539068
10464	0.008360229
10476	0.008461922
10488	0.008414477
10500	0.008278521
10512	0.00835743
10524	0.008251597
10536	0.00830809
10548	0.008470863
10560	0.008255709
10572	0.00824592
10584	0.008258685
10596	0.008388386
10608	0.008264038
10620	0.008349978
10632	0.008520806
10644	0.008135865
10656	0.008330574
10668	0.008542898
10680	0.008308236
10692	0.008273482
10704	0.008484713
10716	0.008284466
10728	0.008227306
10740	0.008332079
10752	0.008348853
10764	0.008263108
10776	0.008386633
10788	0.008539201
10800	0.008357335
10812	0.008304274
10824	0.008408164
10836	0.00813194
10848	0.008344998
10860	0.008152177
10872	0.008348278
10884	0.008422348
10896	0.008252637
10908	0.008219315
10920	0.008431159
10932	0.008481282
10944	0.008367412
10956	0.008157141
10968	0.008322152
10980	0.008502364
10992	0.008480788
11004	0.008234669
11016	0.00829529
11028	0.008408483
11040	0.008335977
11052	0.0084279
11064	0.00819357
11076	0.008388798
11088	0.008507008
11100	0.008281363
11112	0.008359281
11124	0.008150811
11136	0.008337034
11148	0.008279284
11160	0.008246579
11172	0.008408993
11184	0.008423062
11196	0.008244988
11208	0.00832417
11220	0.008375915
11232	0.008450419
11244	0.008260119
11256	0.008187879
11268	0.008248607
11280	0.008325085
11292	0.008480271
11304	0.008334471
11316	0.00805503
11328	0.008370012
11340	0.008396192
11352	0.008330332
11364	0.008342816
11376	0.00846738
11388	0.008405507
11400	0.008383933
11412	0.008244948
11424	0.008093312
11436	0.008229381
11448	0.00835567
11460	0.008189057
11472	0.008338361
11484	0.008492257
11496	0.008265012
11508	0.008122471
11520	0.008257394
11532	0.008232105
11544	0.008400389
11556	0.008398319
11568	0.008361873
11580	0.008317121
11592	0.008307301
11604	0.008377885
11616	0.008379987
11628	0.008327734
11640	0.008343011
11652	0.00833573
11664	0.008439911
11676	0.00809664
11688	0.008213812
11700	0.008173034
11712	0.00856263
11724	0.008180796
11736	0.00816697
11748	0.008375754
11760	0.00842337
11772	0.008280691
11784	0.008228384
11796	0.008513357
11808	0.008349028
11820	0.008265689
11832	0.008430824
11844	0.008513776
11856	0.008304142
11868	0.00827599
11880	0.008375017
11892	0.008314079
11904	0.008127064
11916	0.00837739
11928	0.008374412
11940	0.008262415
11952	0.008286735
11964	0.008309127
11976	0.008235686
11988	0.008347683
12000	0.008313093
12012	0.00842688
12024	0.00838895
12036	0.008171069
12048	0.008279704
12060	0.008309974
12072	0.008322434
12084	0.008313863
12096	0.008599
12108	0.008387322
12120	0.008364825
12132	0.008234031
12144	0.008335097
12156	0.008252651
12168	0.008240922
12180	0.008259585
12192	0.008284022
12204	0.00818648
12216	0.008357661
12228	0.008146888
12240	0.008326474
12252	0.008385186
12264	0.008173697
12276	0.008194088
12288	0.008161363
12300	0.008192088
12312	0.008275238
12324	0.008357568
12336	0.008418759
12348	0.008208252
12360	0.008245441
12372	0.008190174
12384	0.008177256
12396	0.008114141
12408	0.008002924
12420	0.008105119
12432	0.008236646
12444	0.008282945
12456	0.008167802
12468	0.00811859
12480	0.008212569
12492	0.008308581
12504	0.008334703
12516	0.008296243
12528	0.008146524
12540	0.008131349
12552	0.008247902
12564	0.007983067
12576	0.008318852
12588	0.008416346
12600	0.00821417
12612	0.00820697
12624	0.008148341
12636	0.008196549
12648	0.008137497
12660	0.00799489
12672	0.008133099
12684	0.008280479
12696	0.00820092
12708	0.008124742
12720	0.008391238
12732	0.008185827
12744	0.008310302
12756	0.008133891
12768	0.008224984
12780	0.008260503
12792	0.008079994
12804	0.008218301
12816	0.008087
12828	0.008153383
12840	0.008279035
12852	0.008192307
12864	0.008219462
12876	0.008017737
12888	0.008426244
12900	0.008040578
12912	0.008163167
12924	0.008044274
12936	0.008344767
12948	0.00827875
12960	0.008204725
12972	0.008029368
12984	0.008122923
12996	0.008114423
13008	0.00817117
13020	0.008136926
13032	0.008126772
13044	0.007955873
13056	0.007913739
13068	0.008166156
13080	0.007923722
13092	0.008054081
13104	0.008191756
13116	0.008172418
13128	0.008080678
13140	0.008062114
13152	0.008081889
13164	0.008153903
13176	0.008075877
13188	0.007959446
13200	0.008127333
13212	0.008144259
13224	0.007938066
13236	0.00800087
13248	0.008164201
13260	0.008147905
13272	0.007928057
13284	0.008106565
13296	0.008046155
13308	0.007813106
13320	0.007955546
13332	0.007936156
13344	0.007948417
13356	0.008108434
13368	0.008004254
13380	0.007946697
13392	0.008066314
13404	0.008047055
13416	0.007905008
13428	0.00803424
13440	0.008125141
13452	0.008025767
13464	0.007953057
13476	0.007958442
13488	0.007999219
13500	0.007956834
13512	0.008078216
13524	0.007842762
13536	0.008062085
13548	0.007752114
13560	0.007948486
13572	0.00781498
13584	0.007918385
13596	0.007662322
13608	0.007906216
13620	0.007960024
13632	0.007905134
13644	0.00790388
13656	0.007927599
13668	0.008019272
13680	0.007926475
13692	0.007870648
13704	0.007836249
13716	0.007979621
13728	0.007740085
13740	0.007916675
13752	0.007923719
13764	0.007882591
13776	0.007827961
13788	0.007886427
13800	0.007833589
13812	0.007762977
13824	0.007809539
13836	0.007755466
13848	0.007747079
13860	0.007616431
13872	0.007650733
13884	0.008022459
13896	0.007842671
13908	0.007702987
13920	0.00769584
13932	0.007808588
13944	0.008096128
13956	0.007737088
13968	0.007624484
13980	0.007888827
13992	0.007879209
14004	0.007800606
14016	0.00772353
14028	0.007786919
14040	0.007678647
14052	0.007675743
14064	0.0077094
14076	0.007629897
14088	0.007930283
14100	0.007591301
14112	0.007801785
14124	0.007627422
14136	0.007795492
14148	0.007634589
14160	0.007792768
14172	0.007799949
14184	0.007810064
14196	0.007529679
14208	0.007729193
14220	0.007725781
14232	0.00776594
14244	0.007656705
14256	0.007524675
14268	0.007761967
14280	0.007900496
14292	0.00758924
14304	0.007685464
14316	0.007662951
14328	0.007720669
14340	0.007479858
14352	0.007624153
14364	0.007585132
14376	0.007552749
14388	0.007473063
14400	0.007414971
14412	0.007549997
14424	0.007492867
14436	0.007672377
14448	0.007449296
14460	0.007624081
14472	0.007477999
14484	0.007691627
14496	0.007628692
14508	0.007611223
14520	0.007546466
14532	0.00764592
14544	0.007440535
14556	0.007523073
14568	0.007770708
14580	0.007565485
14592	0.007454053
14604	0.007463783
14616	0.007578227
14628	0.007480471
14640	0.007602749
14652	0.00742467
14664	0.007494275
14676	0.007409429
14688	0.007483705
14700	0.007492994
14712	0.007483385
14724	0.00750701
14736	0.007401024
14748	0.007652113
14760	0.0075585
14772	0.007620046
14784	0.007537487
14796	0.007482011
14808	0.007532549
14820	0.007395538
14832	0.007401719
14844	0.007441132
14856	0.007385639
14868	0.007613243
14880	0.007521703
14892	0.00730887
14904	0.007338543
14916	0.007423332
14928	0.007508044
14940	0.0073434
14952	0.007375003
14964	0.00735118
14976	0.007415671
14988	0.007344136
15000	0.00738014
15012	0.007415665
15024	0.007323049
15036	0.007278772
15048	0.007365133
15060	0.007234402
15072	0.007365746
15084	0.00735577
15096	0.007417965
15108	0.007382075
15120	0.00751684
15132	0.007261212
15144	0.007320118
15156	0.007167554
15168	0.007413457
15180	0.007268308
15192	0.007250118
15204	0.007408012
15216	0.007405052
15228	0.007341065
15240	0.007253992
15252	0.007124498
15264	0.007343833
15276	0.007151965
15288	0.007337822
15300	0.007000344
15312	0.007263053
15324	0.007330222
15336	0.00733246
15348	0.007343089
15360	0.007304525
15372	0.007317598
15384	0.007254216
15396	0.007122718
15408	0.007327132
15420	0.007068903
15432	0.007167498
15444	0.007192829
15456	0.007240205
15468	0.00723604
15480	0.007309658
15492	0.007110289
15504	0.007145272
15516	0.007105913
15528	0.007218314
15540	0.007166144
15552	0.00708782
15564	0.007094652
15576	0.007282798
15588	0.007034814
15600	0.007205192
15612	0.007246913
15624	0.007356589
15636	0.00717763
15648	0.007167224
15660	0.007085683
15672	0.00711017
15684	0.007106417
15696	0.007161206
15708	0.007067949
15720	0.0073793
15732	0.007174443
15744	0.007084582
15756	0.007160407
15768	0.006993662
15780	0.007120196
15792	0.007032875
15804	0.007159621
15816	0.007127109
15828	0.007253809
15840	0.00704821
15852	0.00714541
15864	0.007121333
15876	0.007171461
15888	0.007063967
15900	0.007184309
15912	0.007196014
15924	0.007072865
15936	0.007053745
15948	0.006857429
15960	0.007053461
15972	0.007046082
15984	0.007036056
15996	0.00711888
16008	0.007002084
16020	0.006910936
16032	0.007045662
16044	0.007089931
16056	0.007255456
16068	0.007104205
16080	0.007001854
16092	0.007052494
16104	0.007106849
16116	0.007067372
16128	0.006877183
16140	0.007130938
16152	0.00705016
16164	0.006900482
16176	0.007043126
16188	0.006937743
16200	0.006836927
16212	0.006825732
16224	0.007010538
16236	0.007061477
16248	0.006926014
16260	0.007150922
16272	0.007022579
16284	0.007139655
16296	0.006872062
16308	0.006916416
16320	0.006881017
16332	0.006949995
16344	0.006942747
16356	0.007064994
16368	0.006869669
16380	0.00697199
16392	0.007112398
16404	0.006755325
16416	0.006862669
16428	0.006841965
16440	0.006838664
16452	0.006965721
16464	0.006976278
16476	0.006898502
16488	0.006996873
16500	0.007086565
16512	0.00694399
16524	0.007003163
16536	0.006820719
16548	0.006898824
16560	0.006949662
16572	0.006907202
16584	0.006902666
16596	0.006864536
16608	0.006960521
16620	0.006833172
16632	0.00690412
16644	0.006938032
16656	0.006908106
16668	0.00694364
16680	0.006914472
16692	0.006964557
16704	0.006899683
16716	0.006945854
16728	0.006946082
16740	0.006945143
16752	0.006851513
16764	0.0068137
16776	0.006821627
16788	0.006719052
16800	0.006835979
16812	0.00687253
16824	0.006982672
16836	0.006828963
16848	0.006799962
16860	0.006764634
16872	0.006722598
16884	0.006905131
16896	0.00680406
16908	0.006770254
16920	0.006779353
16932	0.006662079
16944	0.006622047
16956	0.006862614
16968	0.006816593
16980	0.006761582
16992	0.006811489
17004	0.006801551
17016	0.006807969
17028	0.006716414
17040	0.006858008
17052	0.006844973
17064	0.006660433
17076	0.006710178
17088	0.006752859
17100	0.006907444
17112	0.006613909
17124	0.006645109
17136	0.006700071
17148	0.006873123
17160	0.006692189
17172	0.006690527
17184	0.006711456
17196	0.006809245
17208	0.006630216
17220	0.006758774
17232	0.006837967
17244	0.00661532
17256	0.006727921
17268	0.006636147
17280	0.006785294
17292	0.006796531
17304	0.006602596
17316	0.006679871
17328	0.006825924
17340	0.006564073
17352	0.006728286
17364	0.006644937
17376	0.006764728
17388	0.006905662
17400	0.006530636
17412	0.006833034
17424	0.006784895
17436	0.006575057
17448	0.006647367
17460	0.006507373
17472	0.006614569
17484	0.006696274
17496	0.006637356
17508	0.00680939
17520	0.00656827
17532	0.006608529
17544	0.006545166
17556	0.006653077
17568	0.006581578
17580	0.006504556
17592	0.006510906
17604	0.006726841
17616	0.006593381
17628	0.006478933
17640	0.006597768
17652	0.006600507
17664	0.006578792
17676	0.006475629
17688	0.00651307
17700	0.006510992
17712	0.006619906
17724	0.006505135
17736	0.006556274
17748	0.006502985
17760	0.006551043
17772	0.00665644
17784	0.006551996
17796	0.0065216
17808	0.006469543
17820	0.006513209
17832	0.006516091
17844	0.006399279
17856	0.006576879
17868	0.00645352
17880	0.006468953
17892	0.006506436
17904	0.006520715
17916	0.006488279
17928	0.006334194
17940	0.006470944
17952	0.006393279
17964	0.006269963
17976	0.006561626
17988	0.006410335
18000	0.006275411
18012	0.006398168
18024	0.006298632
18036	0.006346947
18048	0.006292465
18060	0.006602472
18072	0.006429376
18084	0.006389731
18096	0.006536824
18108	0.006340255
18120	0.006387997
18132	0.006409395
18144	0.006407747
18156	0.006180022
18168	0.006250647
18180	0.006284332
18192	0.006207076
18204	0.006360476
18216	0.006322677
18228	0.00625883
18240	0.006322852
18252	0.006140357
18264	0.006435077
18276	0.006472575
18288	0.006391962
18300	0.006343644
18312	0.006384827
18324	0.006297149
18336	0.006305405
18348	0.006325705
18360	0.006270892
18372	0.006101856
18384	0.006387165
18396	0.006339872
18408	0.00614739
18420	0.00617216
18432	0.006174768
18444	0.006406518
18456	0.006270171
18468	0.006352448
18480	0.006228189
18492	0.006265644
18504	0.006105318
18516	0.006131301
18528	0.006141322
18540	0.006041
18552	0.006146693
18564	0.00619564
18576	0.006034041
18588	0.006149829
18600	0.006045824
18612	0.00620699
18624	0.006132932
18636	0.006083008
18648	0.006099331
18660	0.006195015
18672	0.006181013
18684	0.006129723
18696	0.006084227
18708	0.006133494
18720	0.006038567
18732	0.006035286
18744	0.006360589
18756	0.006091123
18768	0.006017831
18780	0.006020513
18792	0.006009183
18804	0.006025207
18816	0.006055527
18828	0.005951724
18840	0.006085049
18852	0.005986301
18864	0.006018855
18876	0.005867768
18888	0.006038652
18900	0.005951081
18912	0.006009416
18924	0.005953468
18936	0.005907196
18948	0.005836086
18960	0.005844289
18972	0.005841885
18984	0.005926602
18996	0.005944073
19008	0.005798169
19020	0.00593374
19032	0.005933666
19044	0.006058599
19056	0.005888402
19068	0.00588828
19080	0.005773651
19092	0.005764308
19104	0.005693516
19116	0.005739523
19128	0.005796305
19140	0.005804269
19152	0.00572344
19164	0.005671579
19176	0.005675782
19188	0.005790325
19200	0.005713044
19212	0.005684063
19224	0.005660661
19236	0.005844209
19248	0.005719664
19260	0.00564413
19272	0.005676076
19284	0.005788917
19296	0.005538487
19308	0.005595286
19320	0.005740997
19332	0.005624323
19344	0.005538784
19356	0.00559731
19368	0.0055024
19380	0.00558555
19392	0.005578081
19404	0.005481184
19416	0.005597011
19428	0.005570463
19440	0.005468984
19452	0.005454139
19464	0.005539661
19476	0.005500527
19488	0.005541703
19500	0.005416586
19512	0.005395782
19524	0.005464619
19536	0.005323203
19548	0.005529203
19560	0.005390159
19572	0.005269643
19584	0.005409253
19596	0.005302079
19608	0.005447778
19620	0.005368407
19632	0.00538611
19644	0.005311986
19656	0.00525795
19668	0.00539542
19680	0.005225291
19692	0.00517058
19704	0.005288964
19716	0.005281479
19728	0.005185818
19740	0.005262224
19752	0.005282374
19764	0.005262086
19776	0.005254914
19788	0.005256413
19800	0.00520004
19812	0.004910731
19824	0.005253688
19836	0.005218414
19848	0.005102296
19860	0.005039495
19872	0.005111442
19884	0.00520459
19896	0.004984326
19908	0.005150137
19920	0.005025559
19932	0.005055578
19944	0.005023005
19956	0.004988288
19968	0.005034606
19980	0.004883051
19992	0.005126091
20004	0.004984433
20016	0.005093996
20028	0.004948622
20040	0.004890671
20052	0.004976226
20064	0.004958363
20076	0.004892172
20088	0.004868174
20100	0.004964814
20112	0.004874395
20124	0.004795435
20136	0.004753648
20148	0.004941935
20160	0.00476557
20172	0.004904539
20184	0.004806077
20196	0.004798425
20208	0.004644515
20220	0.00479335
20232	0.004666098
20244	0.004648034
20256	0.004768617
20268	0.004692823
20280	0.004656546
20292	0.00467378
20304	0.00464435
20316	0.004561815
20328	0.004561987
20340	0.004535024
20352	0.004572702
20364	0.004620655
20376	0.004662486
20388	0.00443631
20400	0.004585986
20412	0.004487148
20424	0.004449154
20436	0.004505944
20448	0.004560175
20460	0.004482829
20472	0.004448939
20484	0.004406866
20496	0.004473916
20508	0.004299253
20520	0.004372933
20532	0.004465263
20544	0.004445607
20556	0.004311955
20568	0.00438167
20580	0.004226707
20592	0.004313301
20604	0.004349722
20616	0.004237046
20628	0.004287418
20640	0.004329504
20652	0.004183901
20664	0.004262221
20676	0.004123288
20688	0.004233277
20700	0.004141019
20712	0.004123223
20724	0.004129478
20736	0.004181262
20748	0.004093109
20760	0.004108217
20772	0.004108477
20784	0.004145144
20796	0.004106577
20808	0.00410594
20820	0.004105848
20832	0.003965286
20844	0.004014378
20856	0.004078246
20868	0.00404485
20880	0.003965969
20892	0.003951262
20904	0.003853033
20916	0.003927498
20928	0.003876499
20940	0.003834791
20952	0.003791453
20964	0.003838097
20976	0.003860269
20988	0.003832492
21000	0.003821171
21012	0.003769752
21024	0.003780378
21036	0.003730064
21048	0.003803242
21060	0.003735553
21072	0.003759051
21084	0.003715679
21096	0.003700813
21108	0.003756646
21120	0.003685496
21132	0.00366053
21144	0.003623796
21156	0.003665783
21168	0.003631785
21180	0.003558052
21192	0.00357206
21204	0.003480704
21216	0.003639534
21228	0.003524295
21240	0.003590186
21252	0.003444362
21264	0.003543769
21276	0.003535384
21288	0.003468346
21300	0.003392155
21312	0.003409186
21324	0.003436415
21336	0.00342236
21348	0.00339374
21360	0.003248529
21372	0.003401426
21384	0.003314066
21396	0.003319612
21408	0.003377441
21420	0.003303959
21432	0.003275066
21444	0.00332656
21456	0.003294216
21468	0.003307516
21480	0.003188469
21492	0.003293468
21504	0.003224362
21516	0.003137625
21528	0.003144288
21540	0.003161294
21552	0.003090622
21564	0.003117325
21576	0.003031189
21588	0.003066085
21600	0.003017966
21612	0.003047011
21624	0.002986952
21636	0.003087912
21648	0.002962532
21660	0.002956243
21672	0.002941638
21684	0.003023653
21696	0.003006375
21708	0.002899716
21720	0.002954975
21732	0.00296898
21744	0.002896176
21756	0.002960062
21768	0.00292497
21780	0.002901721
21792	0.002810998
21804	0.002788033
21816	0.002809014
21828	0.002819855
21840	0.002754997
21852	0.002850496
21864	0.002768746
21876	0.002705489
21888	0.002755222
21900	0.002640572
21912	0.002683339
21924	0.00267213
21936	0.002684259
21948	0.002678937
21960	0.002602654
21972	0.002687029
21984	0.002620965
21996	0.002564491
22008	0.002552103
22020	0.002552914
22032	0.002519635
22044	0.002565103
22056	0.002554949
22068	0.002462335
22080	0.002461846
22092	0.002454845
22104	0.002484429
22116	0.002427396
22128	0.002494523
22140	0.002424729
22152	0.002467384
22164	0.002387482
22176	0.002407378
22188	0.002397245
22200	0.002312117
22212	0.002328464
22224	0.002374506
22236	0.002274397
22248	0.002269024
22260	0.002323726
22272	0.002325467
22284	0.002284669
22296	0.002314995
22308	0.00227145
22320	0.00219208
22332	0.002225848
22344	0.002237153
22356	0.002222893
22368	0.002228722
22380	0.002186531
22392	0.002205379
22404	0.002135915
22416	0.002117339
22428	0.002148381
22440	0.002091712
22452	0.002105512
22464	0.002040263
22476	0.002036459
22488	0.00201964
22500	0.002026663
22512	0.002040809
22524	0.002014627
22536	0.001983733
22548	0.0019741
22560	0.001998108
22572	0.001967167
22584	0.001968068
22596	0.001916642
22608	0.001912257
22620	0.001897039
22632	0.001891359
22644	0.001858187
22656	0.001876876
22668	0.001851704
22680	0.001822444
22692	0.001841936
22704	0.001847677
22716	0.001806481
22728	0.001788357
22740	0.001751906
22752	0.00179072
22764	0.001781944
22776	0.00179018
22788	0.001772551
22800	0.001756022
22812	0.001694622
22824	0.00172911
22836	0.001671977
22848	0.001757825
22860	0.00167182
22872	0.001647265
22884	0.001647563
22896	0.001652597
22908	0.001618758
22920	0.001620357
22932	0.001615618
22944	0.001612086
22956	0.001576306
22968	0.00159487
22980	0.00154598
22992	0.001578409
23004	0.001533389
23016	0.001542825
23028	0.001548719
23040	0.001498493
23052	0.001502568
23064	0.001483059
23076	0.00148857
23088	0.001470775
23100	0.001487016
23112	0.001438065
23124	0.001423631
23136	0.001431866
23148	0.001446404
23160	0.001398785
23172	0.001425087
23184	0.001395484
23196	0.001424725
23208	0.001395441
23220	0.001355136
23232	0.001370755
23244	0.001377322
23256	0.00132983
23268	0.001342425
23280	0.001335536
23292	0.001306223
23304	0.001342219
23316	0.001312559
23328	0.001301757
23340	0.001261964
23352	0.001269029
23364	0.00124152
23376	0.001247213
23388	0.001249176
23400	0.001234739
23412	0.001235738
23424	0.001257016
23436	0.001217458
23448	0.001196148
23460	0.001185118
23472	0.001180774
23484	0.00120396
23496	0.001141149
23508	0.001157855
23520	0.001164372
23532	0.001161366
23544	0.00114533
23556	0.001132947
23568	0.001156619
23580	0.001129622
23592	0.001120329
23604	0.001115726
23616	0.001117474
23628	0.001112619
23640	0.001080232
23652	0.001098017
23664	0.001070136
23676	0.001080478
23688	0.00107829
23700	0.00107933
23712	0.001034587
23724	0.001051006
23736	0.001058586
23748	0.001065795
23760	0.001057664
23772	0.001052586
23784	0.001034814
23796	0.001036978
23808	0.001033408
23820	0.001018582
23832	0.001019543
23844	0.001009601
23856	0.001013244
23868	0.001011771
23880	0.001023401
23892	0.001028974
23904	0.001022547
23916	0.001019214
23928	0.0009977873
23940	0.0009825778
23952	0.0009803
23964	0.001014918
23976	0.0009926672
23988	0.0009888044
24000	0.0004944229
