0	8.872322e-05
2.75625	0.0001797041
5.5125	0.0001803856
8.268749	0.0001775576
11.025	0.0001799005
13.78125	0.0001746709
16.5375	0.0001768711
19.29375	0.0001807094
22.05	0.0001834717
24.80625	0.0001811932
27.5625	0.0001770842
30.31875	0.0001740766
33.075	0.0001797692
35.83125	0.000180076
38.5875	0.0001843307
41.34375	0.00018647
44.1	0.0001817836
46.85625	0.0001888309
49.6125	0.0001821036
52.36875	0.0001862285
55.125	0.0001879079
57.88125	0.00018275
60.6375	0.0001846592
63.39375	0.0001771772
66.14999	0.000195212
68.90625	0.0001846433
71.6625	0.0001886937
74.41875	0.000192914
77.175	0.0001780244
79.93124	0.0001719361
82.6875	0.000189062
85.44375	0.0002260716
88.2	0.0001843423
90.95625	0.0001731288
93.71249	0.0002843995
96.46875	0.0004852494
99.225	0.0004438584
101.9812	0.0002690717
104.7375	0.0004355751
107.4937	0.0004145438
110.25	0.0005215728
113.0062	0.0005041007
115.7625	0.0005016329
118.5187	0.0005216254
121.275	0.0004477138
124.0312	0.0007312263
126.7875	0.0005648569
129.5437	0.0003283101
132.3	0.0004846904
135.0562	0.0004499605
137.8125	0.0002466326
140.5687	0.0003859337
143.325	0.0005567898
146.0812	0.0007692811
148.8375	0.0008126825
151.5938	0.000833758
154.35	0.00180101
157.1062	0.001124075
159.8625	0.0008419742
162.6187	0.000857603
165.375	0.0009086348
168.1312	0.0006430226
170.8875	0.001020281
173.6437	0.001343561
176.4	0.0003483961
179.1562	0.000912427
181.9125	0.0008543492
184.6687	0.001076314
187.425	0.0009805682
190.1812	0.0007881574
192.9375	0.0009724133
195.6937	0.0006411108
198.45	0.0007075986
201.2062	0.00102741
203.9625	0.0008632333
206.7188	0.0009025183
209.475	0.001114953
212.2312	0.0009206255
214.9875	0.0007363898
217.7437	0.0006734699
220.5	0.0008332719
223.2562	0.0009865537
226.0125	0.0006880588
228.7687	0.000379873
231.525	0.0006000695
234.2812	0.0004743322
237.0375	0.0002591895
239.7937	0.0004886205
242.55	0.0003349334
245.3062	0.0005550639
248.0625	0.0003900338
250.8187	0.0004147374
253.575	0.0004692666
256.3312	0.0003526544
259.0875	0.0003817318
261.8438	0.0004281701
264.6	0.0003861696
267.3562	0.00039218
270.1125	0.0004070798
272.8687	0.0003877479
275.625	0.0004201892
278.3812	0.0003381817
281.1375	0.0004893215
283.8937	0.0002920677
286.65	0.0003221258
289.4062	0.000502082
292.1625	0.0004025596
294.9187	0.0005571964
297.675	0.0005057916
300.4312	0.0003731477
303.1875	0.0005404372
305.9437	0.0006267786
308.7	0.0005425449
311.4562	0.001264062
314.2125	0.0006289351
316.9688	0.0004352804
319.725	0.0005752225
322.4812	0.0006379174
325.2375	0.0005968536
327.9937	0.0007613916
330.75	0.0009891789
333.5062	0.0008600728
336.2625	0.0005880903
339.0187	0.0007736944
341.775	0.0008610208
344.5312	0.0006713939
347.2875	0.0005757042
350.0437	0.0008391877
352.8	0.0004466508
355.5562	0.0009430933
358.3125	0.001208056
361.0687	0.0006672615
363.825	0.0006813457
366.5812	0.0007963165
369.3375	0.0008109657
372.0938	0.0006597624
374.85	0.0007737367
377.6062	0.0006627515
380.3625	0.0005772457
383.1187	0.0007947712
385.875	0.0009235649
388.6312	0.0006743399
391.3875	0.0007078621
394.1437	0.0008384784
396.9	0.000596179
399.6562	0.001095148
402.4125	0.001509492
405.1687	0.001114137
407.925	0.001433083
410.6812	0.001380333
413.4375	0.001538379
416.1937	0.001949992
418.95	0.001303154
421.7062	0.001546679
424.4625	0.001696864
427.2188	0.001020246
429.975	0.001836205
432.7312	0.001540389
435.4875	0.001859885
438.2437	0.002225451
441	0.001648587
443.7562	0.001971562
446.5125	0.002130479
449.2687	0.001324992
452.025	0.00233495
454.7812	0.001946982
457.5375	0.00226867
460.2937	0.002376212
463.05	0.001241852
465.8062	0.002048137
468.5625	0.001812748
471.3187	0.002300908
474.075	0.002375058
476.8312	0.002134054
479.5875	0.002894301
482.3437	0.002039618
485.1	0.003672234
487.8562	0.002957455
490.6125	0.003255448
493.3687	0.005622746
496.125	0.003661835
498.8812	0.006299101
501.6375	0.006072114
504.3937	0.006857351
507.15	0.01114507
509.9062	0.008260201
512.6625	0.01277413
515.4188	0.01566762
518.175	0.02127864
520.9312	0.05442015
523.6875	0.1319035
526.4437	0.05978209
529.2	0.02601467
531.9562	0.01374811
534.7125	0.01416211
537.4688	0.006404347
540.225	0.008726116
542.9812	0.006014314
545.7375	0.00590841
548.4937	0.006813467
551.25	0.003901002
554.0062	0.006200453
556.7625	0.004751136
559.5187	0.004784826
562.275	0.004944454
565.0312	0.0037319
567.7875	0.005563451
570.5437	0.004935374
573.3	0.004934317
576.0562	0.00504632
578.8125	0.003393544
581.5687	0.00423429
584.325	0.004073797
587.0812	0.003918202
589.8375	0.004513651
592.5938	0.003459094
595.35	0.004009455
598.1062	0.003664823
600.8625	0.002598144
603.6187	0.002913297
606.375	0.002067271
609.1312	0.001991047
611.8875	0.00210352
614.6437	0.001610995
617.4	0.002141351
620.1562	0.001470981
622.9125	0.001708381
625.6687	0.001901326
628.425	0.001465713
631.1812	0.00194718
633.9375	0.001549175
636.6937	0.001646606
639.45	0.00176072
642.2062	0.001256975
644.9625	0.001740422
647.7188	0.001418321
650.475	0.001236171
653.2312	0.001430363
655.9875	0.0009691339
658.7437	0.001275038
661.5	0.00100476
664.2562	0.0009777158
667.0125	0.001219255
669.7687	0.0008381024
672.525	0.001189086
675.2812	0.001003307
678.0375	0.0008471045
680.7937	0.001038472
683.55	0.0007196571
686.3062	0.001015656
689.0625	0.0009390734
691.8187	0.0008099221
694.575	0.001061446
697.3312	0.0007378047
700.0875	0.0009228387
702.8438	0.0009072025
705.6	0.0005331269
708.3562	0.0007535038
711.1125	0.000474671
713.8687	0.0006501232
716.625	0.0006258225
719.3812	0.0005888755
722.1375	0.0008567749
724.8937	0.0006848363
727.65	0.0008897409
730.4062	0.0009274113
733.1625	0.0007236176
735.9187	0.001051101
738.675	0.0009898884
741.4312	0.0006381095
744.1875	0.0008123842
746.9437	0.0005458944
749.7	0.0004824538
752.4562	0.0005902022
755.2125	0.0003062077
757.9688	0.0005099042
760.725	0.0004858529
763.4812	0.0002615117
766.2375	0.0004381097
768.9937	0.000410747
771.75	0.0002790315
774.5062	0.0004162145
777.2625	0.0003420038
780.0187	0.0002904102
782.775	0.0003992206
785.5312	0.0002992582
788.2875	0.0003613297
791.0437	0.0003980303
793.8	0.0002640665
796.5562	0.0004656047
799.3125	0.0003461804
802.0687	0.0004282182
804.825	0.0005174903
807.5812	0.0003628751
810.3375	0.0005419606
813.0938	0.0005107178
815.85	0.0004982073
818.6062	0.0006587307
821.3625	0.0004453485
824.1187	0.0004804055
826.875	0.0005059522
829.6312	0.0004469424
832.3875	0.0005697424
835.1437	0.0004903037
837.9	0.0004301425
840.6562	0.0004935431
843.4125	0.0003483996
846.1687	0.0004538831
848.925	0.0004473939
851.6812	0.0004519425
854.4375	0.0005369866
857.1937	0.0003693983
859.95	0.0005087536
862.7062	0.0005159827
865.4625	0.0003928532
868.2188	0.0005615308
870.975	0.0003760639
873.7312	0.0004764803
876.4875	0.0005301872
879.2437	0.0004218185
882	0.0005291463
884.7562	0.0004176353
887.5125	0.0004448362
890.2687	0.0004785497
893.025	0.0003719667
895.7812	0.0004979021
898.5375	0.0004173881
901.2937	0.0004273443
904.05	0.0004760717
906.8062	0.000373748
909.5624	0.0004964057
912.3187	0.0004261456
915.075	0.0004407107
917.8312	0.0005065913
920.5875	0.0003817171
923.3437	0.0005022366
926.1	0.0004790083
928.8562	0.0004916221
931.6125	0.0005233854
934.3687	0.0005798439
937.1249	0.0005635099
939.8812	0.0005431426
942.6375	0.0004743019
945.3937	0.0005251898
948.15	0.000478299
950.9062	0.0004647179
953.6625	0.0004128508
956.4187	0.0003747818
959.175	0.0004135846
961.9312	0.0004175844
964.6874	0.0004700556
967.4437	0.000486973
970.2	0.0005175688
972.9562	0.0005671603
975.7125	0.0004794486
978.4687	0.0005151829
981.225	0.0005225605
983.9812	0.000483483
986.7375	0.0004652354
989.4937	0.0004467729
992.2499	0.0004091978
995.0062	0.000319655
997.7625	0.0004272081
1000.519	0.0006015267
1003.275	0.0007383761
1006.031	0.0006539811
1008.787	0.000560638
1011.544	0.0005431844
1014.3	0.0003064062
1017.056	0.0005635129
1019.812	0.0006170016
1022.569	0.0007777956
1025.325	0.0008613362
1028.081	0.0008599995
1030.838	0.001428831
1033.594	0.001237463
1036.35	0.001659693
1039.106	0.002419346
1041.862	0.002510351
1044.619	0.006692473
1047.375	0.01550578
1050.131	0.01253616
1052.887	0.007039153
1055.644	0.002988637
1058.4	0.002930022
1061.156	0.002163431
1063.912	0.001378939
1066.669	0.001654644
1069.425	0.001075897
1072.181	0.0009341328
1074.938	0.0009543103
1077.694	0.0004106607
1080.45	0.0006213382
1083.206	0.000508686
1085.962	0.0003858101
1088.719	0.000541211
1091.475	0.0003443279
1094.231	0.0003955944
1096.987	0.000402005
1099.744	0.0002884902
1102.5	0.0003774677
1105.256	0.0003499025
1108.012	0.0002897605
1110.769	0.0003126294
1113.525	0.0002843062
1116.281	0.0002448639
1119.037	0.0003602369
1121.794	0.0003239314
1124.55	0.0002071112
1127.306	0.0002969925
1130.062	0.0002733181
1132.819	0.0002326152
1135.575	0.0003180402
1138.331	0.0002260158
1141.087	0.0002556207
1143.844	0.0002521528
1146.6	0.0002103581
1149.356	0.0002624053
1152.112	0.0002383625
1154.869	0.0002186785
1157.625	0.0001845302
1160.381	0.0002535151
1163.137	0.0003196292
1165.894	0.0002402202
1168.65	0.0001859475
1171.406	0.0002028291
1174.162	0.0001927723
1176.919	0.0002045412
1179.675	0.0001846947
1182.431	0.0002338355
1185.188	0.0001928985
1187.944	0.0002210063
1190.7	0.000220503
1193.456	0.0001736673
1196.212	0.0002546876
1198.969	0.0002133709
1201.725	0.0001888973
1204.481	0.0002706994
1207.237	0.0001805863
1209.994	0.0002441253
1212.75	0.0002612877
1215.506	0.0001488681
1218.262	0.0002236953
1221.019	0.0001758918
1223.775	0.0001862362
1226.531	0.0002089294
1229.287	0.0001311857
1232.044	0.0001800894
1234.8	0.0001770802
1237.556	0.0001710144
1240.312	0.0001857096
1243.069	0.0001622704
1245.825	0.0001674394
1248.581	0.0001768607
1251.337	0.0001501393
1254.094	0.0001861163
1256.85	0.0001818569
1259.606	0.0001905594
1262.362	0.0001272779
1265.119	0.0002008198
1267.875	0.0001473375
1270.631	0.000185266
1273.387	0.000220746
1276.144	0.0001331817
1278.9	0.0001883399
1281.656	0.0001869306
1284.412	0.0001295612
1287.169	0.0001930064
1289.925	0.0001373397
1292.681	0.0001394991
1295.438	0.0001552922
1298.194	0.0001112964
1300.95	0.000154389
1303.706	0.0001338526
1306.462	0.0001296971
1309.219	0.000140435
1311.975	0.0001233256
1314.731	0.0001540552
1317.487	0.0001241435
1320.244	0.0001543699
1323	0.0001547581
1325.756	0.0001104622
1328.512	0.0001464833
1331.269	0.0001210042
1334.025	0.0001396162
1336.781	0.0001297008
1339.537	0.0001211192
1342.294	0.0001280233
1345.05	0.000119704
1347.806	0.0001394767
1350.562	0.0001139094
1353.319	0.0001172879
1356.075	0.0001503951
1358.831	9.310734e-05
1361.587	0.0001504358
1364.344	0.000141771
1367.1	0.000126889
1369.856	0.0001657259
1372.612	9.719434e-05
1375.369	0.0001456963
1378.125	0.0001323879
1380.881	0.0001304067
1383.637	0.0001758566
1386.394	0.0001463331
1389.15	0.0001774342
1391.906	0.0001559192
1394.662	9.589461e-05
1397.419	0.000159169
1400.175	0.0001026711
1402.931	0.0001418326
1405.688	0.0001304699
1408.444	0.0001377475
1411.2	0.0002028768
1413.956	0.0001771402
1416.712	0.0001818531
1419.469	0.0002193713
1422.225	0.0002053085
1424.981	0.0002252727
1427.737	0.0001777661
1430.494	0.0002315366
1433.25	0.0002532979
1436.006	0.0002627897
1438.762	0.0003333738
1441.519	0.0003199771
1444.275	0.0003081743
1447.031	0.0003361301
1449.787	0.0002978227
1452.544	0.0003509638
1455.3	0.0003658913
1458.056	0.0004010143
1460.812	0.0004480462
1463.569	0.0003805533
1466.325	0.000416577
1469.081	0.0004838704
1471.837	0.0004612202
1474.594	0.000545529
1477.35	0.0005236197
1480.106	0.0004952768
1482.862	0.0005940993
1485.619	0.0005808477
1488.375	0.000620815
1491.131	0.000613748
1493.887	0.0005654697
1496.644	0.0006593271
1499.4	0.0005831109
1502.156	0.0006748348
1504.912	0.0007600508
1507.669	0.0006832207
1510.425	0.0008455641
1513.181	0.0007919124
1515.938	0.0007822919
1518.694	0.000929651
1521.45	0.0007420892
1524.206	0.0008370245
1526.962	0.0008146827
1529.719	0.0007485526
1532.475	0.000939998
1535.231	0.0007335594
1537.987	0.0009171612
1540.744	0.0008605926
1543.5	0.0007063064
1546.256	0.001029312
1549.012	0.0007573797
1551.769	0.001358672
1554.525	0.001314169
1557.281	0.001386487
1560.037	0.002059087
1562.794	0.001304421
1565.55	0.003115369
1568.306	0.003543578
1571.062	0.006276601
1573.819	0.01749004
1576.575	0.01990297
1579.331	0.01077636
1582.087	0.003986125
1584.844	0.002584398
1587.6	0.002963723
1590.356	0.001486804
1593.112	0.002287674
1595.869	0.001475969
1598.625	0.001858011
1601.381	0.001867755
1604.137	0.001251384
1606.894	0.001651849
1609.65	0.001196891
1612.406	0.00120269
1615.162	0.001355247
1617.919	0.000844427
1620.675	0.001179574
1623.431	0.0009523812
1626.188	0.0008734079
1628.944	0.0009959878
1631.7	0.0005595885
1634.456	0.0008594934
1637.212	0.0008118343
1639.969	0.0005108276
1642.725	0.000653965
1645.481	0.0004046776
1648.237	0.0004999827
1650.994	0.0004584163
1653.75	0.0003205333
1656.506	0.0004936043
1659.262	0.0003224242
1662.019	0.0003967477
1664.775	0.0003990801
1667.531	0.0002751292
1670.287	0.0003234649
1673.044	0.0002485381
1675.8	0.000319887
1678.556	0.0003336532
1681.312	0.0002767961
1684.069	0.0002890159
1686.825	0.000269466
1689.581	0.0002896057
1692.337	0.0002634829
1695.094	0.0002974071
1697.85	0.0002754613
1700.606	0.000214895
1703.362	0.000278269
1706.119	0.0002495443
1708.875	0.0002517163
1711.631	0.0002440158
1714.387	0.0002345728
1717.144	0.0002516281
1719.9	0.0002480928
1722.656	0.0002563481
1725.412	0.0002135377
1728.169	0.0002345045
1730.925	0.0002493364
1733.681	0.0002047398
1736.438	0.000241035
1739.194	0.0002243752
1741.95	0.0002305819
1744.706	0.0001957465
1747.462	0.0002055042
1750.219	0.0002506398
1752.975	0.0002198733
1755.731	0.0001879842
1758.487	0.000209163
1761.244	0.0002180398
1764	0.0002025095
1766.756	0.0002097657
1769.512	0.0002210534
1772.269	0.0001820702
1775.025	0.0002040313
1777.781	0.0001996286
1780.537	0.0001893269
1783.294	0.0002056303
1786.05	0.0001833992
1788.806	0.0002265444
1791.562	0.0001928353
1794.319	0.0001949061
1797.075	0.0002278112
1799.831	0.0001859594
1802.587	0.0002187482
1805.344	0.0001809554
1808.1	0.0001975283
1810.856	0.000223716
1813.612	0.0001508886
1816.369	0.000263996
1819.125	0.000215796
1821.881	0.0001822747
1824.637	0.0002530362
1827.394	0.0001578083
1830.15	0.0002306246
1832.906	0.0002318334
1835.662	0.0001489932
1838.419	0.0002591028
1841.175	0.0001896814
1843.931	0.0002214714
1846.687	0.0002577493
1849.444	0.0001326889
1852.2	0.0002479725
1854.956	0.0002249843
1857.712	0.0001681541
1860.469	0.0002384731
1863.225	0.0001353359
1865.981	0.0002356998
1868.737	0.0002347553
1871.494	0.0001296795
1874.25	0.000225264
1877.006	0.000170034
1879.762	0.0001796724
1882.519	0.000214944
1885.275	0.0001272279
1888.031	0.000215708
1890.787	0.000190963
1893.544	0.0001507222
1896.3	0.000198464
1899.056	0.0001342512
1901.812	0.0001642168
1904.569	0.0001485742
1907.325	0.0001694495
1910.081	0.0002004205
1912.837	0.0001322813
1915.594	0.0001901696
1918.35	0.0001640013
1921.106	0.0001559606
1923.862	0.0002075745
1926.619	0.0001101018
1929.375	0.000237942
1932.131	0.0002312769
1934.887	0.0001094518
1937.644	0.0002064691
1940.4	0.0001571639
1943.156	0.0001610018
1945.912	0.0001934635
1948.669	0.0001258548
1951.425	0.0001743277
1954.181	0.0001470694
1956.937	0.0001609192
1959.694	0.0001943296
1962.45	0.0001472446
1965.206	0.0001769475
1967.962	0.0001516456
1970.719	0.0001524606
1973.475	0.0001900762
1976.231	0.000126507
1978.987	0.0001768748
1981.744	0.0001929725
1984.5	0.0001164204
1987.256	0.0001996886
1990.012	0.000174993
1992.769	0.0001535751
1995.525	0.0001786497
1998.281	0.0001304105
2001.037	0.0001923471
2003.794	0.0001665112
2006.55	0.0001535064
2009.306	0.0002327395
2012.062	0.0001592257
2014.819	0.0001927189
2017.575	0.0002000134
2020.331	0.0001515998
2023.087	0.0002296545
2025.844	0.0001562786
2028.6	0.0002045263
2031.356	0.0002502331
2034.112	0.0001189808
2036.869	0.0002264513
2039.625	0.0001579163
2042.381	0.00024069
2045.137	0.0002730107
2047.894	0.0001831077
2050.65	0.0003185345
2053.406	0.0002260359
2056.162	0.0003019057
2058.919	0.000365748
2061.675	0.0002670393
2064.431	0.0003761278
2067.188	0.0003521702
2069.944	0.000378347
2072.7	0.000455754
2075.456	0.0003336611
2078.212	0.0004690413
2080.969	0.0003485956
2083.725	0.0003834056
2086.481	0.0005167348
2089.238	0.0003492676
2091.994	0.0006895969
2094.75	0.0005057089
2097.506	0.0009575085
2100.262	0.001199502
2103.019	0.001294907
2105.775	0.004340362
2108.531	0.005979666
2111.287	0.003410117
2114.044	0.001806115
2116.8	0.001400167
2119.556	0.001020397
2122.312	0.000594397
2125.069	0.00051475
2127.825	0.0003823266
2130.581	0.0004558097
2133.337	0.0004140437
2136.094	0.0003564935
2138.85	0.0004167659
2141.606	0.0003096476
2144.362	0.0003100265
2147.119	0.0003018659
2149.875	0.0003412656
2152.631	0.000326683
2155.387	0.0002778684
2158.144	0.0003190524
2160.9	0.0002503012
2163.656	0.0002925786
2166.412	0.0002911309
2169.169	0.000196299
2171.925	0.0002400395
2174.681	0.0001910425
2177.438	0.0001938719
2180.194	0.0002016451
2182.95	0.0001686634
2185.706	0.0002192464
2188.462	0.000166723
2191.219	0.0001713105
2193.975	0.0001379796
2196.731	9.368028e-05
2199.487	0.0001341132
2202.244	8.295364e-05
2205	0.0001432613
2207.756	0.0001131595
2210.512	0.0001256416
2213.269	0.0001464845
2216.025	8.183689e-05
2218.781	0.0001481759
2221.537	0.0001098559
2224.294	9.570098e-05
2227.05	0.0001001048
2229.806	9.546622e-05
2232.562	0.0001518377
2235.319	0.0001032379
2238.075	0.0001153159
2240.831	0.0001297755
2243.587	8.281536e-05
2246.344	0.0001423071
2249.1	0.0001181832
2251.856	8.28285e-05
2254.612	0.0001068315
2257.369	7.554725e-05
2260.125	0.000126207
2262.881	9.511575e-05
2265.637	9.271309e-05
2268.394	0.0001001475
2271.15	6.891366e-05
2273.906	0.0001097109
2276.662	9.10185e-05
2279.419	7.566853e-05
2282.175	8.839509e-05
2284.931	7.970467e-05
2287.688	7.747043e-05
2290.444	8.254065e-05
2293.2	8.571956e-05
2295.956	7.861423e-05
2298.712	8.364145e-05
2301.469	7.73575e-05
2304.225	8.501539e-05
2306.981	0.0001008386
2309.737	6.771258e-05
2312.494	8.774173e-05
2315.25	8.747249e-05
2318.006	6.762909e-05
2320.762	8.713527e-05
2323.519	8.267275e-05
2326.275	7.937881e-05
2329.031	7.880643e-05
2331.787	7.18333e-05
2334.544	7.686906e-05
2337.3	7.801494e-05
2340.056	7.028507e-05
2342.812	9.660838e-05
2345.569	8.558764e-05
2348.325	7.31742e-05
2351.081	0.0001040069
2353.837	8.052045e-05
2356.594	0.0001064627
2359.35	0.0001069257
2362.106	6.467853e-05
2364.862	0.0001143502
2367.619	9.484254e-05
2370.375	0.0001201064
2373.131	0.0001354664
2375.887	0.0001050637
2378.644	0.0001607601
2381.4	0.00013681
2384.156	0.0001509069
2386.912	0.0001758673
2389.669	0.0001482113
2392.425	0.0002019317
2395.181	0.0001755879
2397.938	0.0001624477
2400.694	0.0002150565
2403.45	0.0001816297
2406.206	0.0002564887
2408.962	0.0002526573
2411.719	0.0002265654
2414.475	0.000259113
2417.231	0.0002047882
2419.987	0.000213218
2422.744	0.0002269897
2425.5	0.0002018375
2428.256	0.0002697035
2431.012	0.0002251949
2433.769	0.0002140649
2436.525	0.0002412796
2439.281	0.0001992863
2442.037	0.0002268948
2444.794	0.0001926403
2447.55	0.0001984748
2450.306	0.0002402326
2453.062	0.0002208247
2455.819	0.0002405829
2458.575	0.0002065811
2461.331	0.0002070467
2464.087	0.0002325837
2466.844	0.0001733207
2469.6	0.0001822644
2472.356	0.000180532
2475.112	0.0001192172
2477.869	0.0001249336
2480.625	0.0001058402
2483.381	9.928869e-05
2486.137	0.0001064861
2488.894	8.665861e-05
2491.65	6.825871e-05
2494.406	9.372518e-05
2497.162	0.0001017327
2499.919	4.772314e-05
2502.675	9.662753e-05
2505.431	8.705013e-05
2508.188	0.0001093728
2510.944	0.000136915
2513.7	0.0001073685
2516.456	0.0001120355
2519.212	9.338065e-05
2521.969	8.482523e-05
2524.725	0.0001124002
2527.481	8.355449e-05
2530.237	0.0001288935
2532.994	0.0001431058
2535.75	0.0001345073
2538.506	0.00016866
2541.262	0.0001374044
2544.019	0.0001380991
2546.775	0.0001294496
2549.531	8.970615e-05
2552.287	0.0001229505
2555.044	9.0637e-05
2557.8	0.0001302596
2560.556	0.0001399446
2563.312	0.000166007
2566.069	0.0001959381
2568.825	0.0001782952
2571.581	0.0001943226
2574.337	0.0002068915
2577.094	0.0001489375
2579.85	0.0002182634
2582.606	0.0002259275
2585.362	0.000230484
2588.119	0.0002642632
2590.875	0.0002853218
2593.631	0.0003549954
2596.387	0.0003275642
2599.144	0.0003900749
2601.9	0.0004359279
2604.656	0.0003194687
2607.412	0.0004954431
2610.169	0.000474372
2612.925	0.0004541551
2615.681	0.0005564597
2618.438	0.0005057371
2621.194	0.0008110019
2623.95	0.0008077691
2626.706	0.0006787221
2629.462	0.0009226417
2632.219	0.0009155098
2634.975	0.001474999
2637.731	0.001623013
2640.487	0.00265873
2643.244	0.007799028
2646	0.0096604
2648.756	0.005529591
2651.512	0.002533761
2654.269	0.001334692
2657.025	0.001272785
2659.781	0.0007063529
2662.537	0.001032728
2665.294	0.0007420277
2668.05	0.0005057339
2670.806	0.0005320063
2673.562	0.0004163255
2676.319	0.0005697705
2679.075	0.0003406089
2681.831	0.0004889787
2684.587	0.0004888812
2687.344	0.0002719699
2690.1	0.0004702267
2692.856	0.0005240145
2695.612	0.0004038685
2698.369	0.0004500606
2701.125	0.0001535885
2703.881	0.0002526668
2706.637	0.000181577
2709.394	0.0002360546
2712.15	0.0002247332
2714.906	0.0001830986
2717.662	0.0002626653
2720.419	0.0001597665
2723.175	0.0002082732
2725.931	0.0002061337
2728.688	0.0001360774
2731.444	0.0001877372
2734.2	0.0001223326
2736.956	0.0001871087
2739.712	0.0001586743
2742.469	0.0001555066
2745.225	0.0001914665
2747.981	0.0001082693
2750.737	0.0001940335
2753.494	0.0001598801
2756.25	0.0001533678
2759.006	0.000194823
2761.762	0.0001049016
2764.519	0.0001742782
2767.275	0.0001455217
2770.031	0.0001411046
2772.787	0.0001814497
2775.544	9.647282e-05
2778.3	0.0001666553
2781.056	0.0001439192
2783.812	0.0001250829
2786.569	0.0001674797
2789.325	9.381374e-05
2792.081	0.0001601794
2794.837	0.0001404898
2797.594	0.000117206
2800.35	0.0001613364
2803.106	9.681662e-05
2805.862	0.000140785
2808.619	0.000139199
2811.375	9.904319e-05
2814.131	0.0001499494
2816.887	0.0001045156
2819.644	0.0001189224
2822.4	0.0001375239
2825.156	9.717401e-05
2827.912	0.0001116175
2830.669	0.0001081052
2833.425	0.0001102311
2836.181	0.0001057988
2838.938	9.743918e-05
2841.694	0.0001172017
2844.45	0.0001013128
2847.206	0.0001031792
2849.962	0.000104506
2852.719	9.725579e-05
2855.475	0.0001084765
2858.231	0.0001064117
2860.987	9.736271e-05
2863.744	0.0001005988
2866.5	0.0001076688
2869.256	9.576499e-05
2872.012	0.0001048181
2874.769	0.0001090001
2877.525	9.198058e-05
2880.281	0.0001070078
2883.037	9.561341e-05
2885.794	9.641121e-05
2888.55	0.0001042475
2891.306	8.53356e-05
2894.062	0.0001097962
2896.819	0.0001049841
2899.575	8.905622e-05
2902.331	0.0001067166
2905.087	8.951847e-05
2907.844	9.813846e-05
2910.6	9.980877e-05
2913.356	8.526478e-05
2916.112	9.968166e-05
2918.869	9.427032e-05
2921.625	9.662092e-05
2924.381	9.760408e-05
2927.137	9.230827e-05
2929.894	0.0001016513
2932.65	9.207395e-05
2935.406	9.211223e-05
2938.162	9.586134e-05
2940.919	9.218734e-05
2943.675	9.739133e-05
2946.431	8.939931e-05
2949.188	9.045336e-05
2951.944	9.494478e-05
2954.7	7.811662e-05
2957.456	9.83639e-05
2960.212	9.581186e-05
2962.969	7.856415e-05
2965.725	9.793583e-05
2968.481	8.966143e-05
2971.237	8.844835e-05
2973.994	9.147803e-05
2976.75	8.578158e-05
2979.506	9.165791e-05
2982.262	7.820067e-05
2985.019	9.136939e-05
2987.775	9.286176e-05
2990.531	7.788135e-05
2993.287	9.741827e-05
2996.044	8.305053e-05
2998.8	8.771145e-05
3001.556	9.85209e-05
3004.312	7.635734e-05
3007.069	9.420342e-05
3009.825	8.693883e-05
3012.581	7.376029e-05
3015.337	8.878505e-05
3018.094	7.990971e-05
3020.85	8.750611e-05
3023.606	7.896865e-05
3026.362	8.06392e-05
3029.119	9.32371e-05
3031.875	7.36708e-05
3034.631	9.009124e-05
3037.387	8.223332e-05
3040.144	8.419017e-05
3042.9	8.725635e-05
3045.656	7.097804e-05
3048.412	8.050901e-05
3051.169	7.628912e-05
3053.925	8.589153e-05
3056.681	8.26269e-05
3059.438	7.219198e-05
3062.194	8.623085e-05
3064.95	7.504271e-05
3067.706	8.805394e-05
3070.462	7.669669e-05
3073.219	8.590503e-05
3075.975	0.0001031827
3078.731	5.804907e-05
3081.487	0.0001013236
3084.244	8.72718e-05
3087	7.473718e-05
3089.756	0.0001094624
3092.512	6.661133e-05
3095.269	8.873409e-05
3098.025	8.684817e-05
3100.781	6.694402e-05
3103.537	0.0001042896
3106.294	6.228114e-05
3109.05	0.0001062641
3111.806	0.0001038152
3114.562	7.289962e-05
3117.319	0.0001149812
3120.075	8.565802e-05
3122.831	0.0001158246
3125.587	0.0001135903
3128.344	7.764778e-05
3131.1	0.0001303215
3133.856	0.0001028775
3136.612	0.000123438
3139.369	0.0001398384
3142.125	7.718477e-05
3144.881	0.0001270627
3147.637	0.0001847057
3150.394	0.0002259906
3153.15	0.0001724935
3155.906	0.0001659048
3158.662	0.0001920575
3161.419	0.0001195626
3164.175	0.0001385447
3166.931	0.0001595168
3169.688	9.772855e-05
3172.444	0.0001284355
3175.2	0.0001356373
3177.956	0.0002059024
3180.712	0.0002776416
3183.469	0.0002682767
3186.225	0.000407445
3188.981	0.001323182
3191.737	0.00134204
3194.494	0.001124584
3197.25	0.0006594331
3200.006	0.0005819594
3202.762	0.000548453
3205.519	0.0003340314
3208.275	0.0003241202
3211.031	0.0002799772
3213.787	0.0002101396
3216.544	0.0002521711
3219.3	0.0001589257
3222.056	0.0001868702
3224.812	0.0001682998
3227.569	0.0001763991
3230.325	0.0002247269
3233.081	0.0001633402
3235.837	0.0002026435
3238.594	0.0002040741
3241.35	0.0001293307
3244.106	0.0001763672
3246.862	0.0001294758
3249.619	8.779738e-05
3252.375	0.0001152879
3255.131	0.0001027909
3257.887	9.685467e-05
3260.644	6.335257e-05
3263.4	0.000112188
3266.156	8.193097e-05
3268.912	8.335074e-05
3271.669	9.888274e-05
3274.425	6.890154e-05
3277.181	0.0001124017
3279.938	8.308457e-05
3282.694	9.90134e-05
3285.45	0.0001069575
3288.206	7.261326e-05
3290.962	0.0001183378
3293.719	8.005827e-05
3296.475	0.000114583
3299.231	0.0001285773
3301.987	5.881319e-05
3304.744	0.0001259234
3307.5	0.000109817
3310.256	0.0001039885
3313.012	0.0001413756
3315.769	7.358829e-05
3318.525	0.0001088093
3321.281	0.0001009969
3324.037	7.278663e-05
3326.794	0.0001043837
3329.55	6.013351e-05
3332.306	0.0001011793
3335.062	9.200279e-05
3337.819	7.79307e-05
3340.575	0.0001110946
3343.331	7.103171e-05
3346.087	9.23587e-05
3348.844	9.12793e-05
3351.6	7.40251e-05
3354.356	9.992635e-05
3357.112	6.574579e-05
3359.869	9.273439e-05
3362.625	8.678049e-05
3365.381	6.755424e-05
3368.137	9.310235e-05
3370.894	6.077039e-05
3373.65	9.137618e-05
3376.406	9.23907e-05
3379.162	6.537858e-05
3381.919	9.011119e-05
3384.675	7.226387e-05
3387.431	8.567727e-05
3390.188	8.607972e-05
3392.944	6.93277e-05
3395.7	8.405885e-05
3398.456	7.133989e-05
3401.212	8.097784e-05
3403.969	7.630727e-05
3406.725	7.131717e-05
3409.481	8.562717e-05
3412.237	6.996362e-05
3414.994	8.621576e-05
3417.75	8.33041e-05
3420.506	7.01132e-05
3423.262	8.84537e-05
3426.019	7.080802e-05
3428.775	7.962265e-05
3431.531	7.958188e-05
3434.287	6.658297e-05
3437.044	8.382015e-05
3439.8	6.995891e-05
3442.556	7.717626e-05
3445.312	8.060096e-05
3448.069	6.697518e-05
3450.825	8.313897e-05
3453.581	7.353984e-05
3456.337	7.424712e-05
3459.094	8.189848e-05
3461.85	6.762618e-05
3464.606	8.301551e-05
3467.362	7.486114e-05
3470.119	6.582329e-05
3472.875	7.972267e-05
3475.631	6.633799e-05
3478.387	7.753605e-05
3481.144	7.896423e-05
3483.9	6.731827e-05
3486.656	7.75242e-05
3489.412	6.8002e-05
3492.169	7.716988e-05
3494.925	7.678482e-05
3497.681	6.493717e-05
3500.438	7.775082e-05
3503.194	6.431635e-05
3505.95	7.474884e-05
3508.706	7.901675e-05
3511.462	6.709731e-05
3514.219	7.963013e-05
3516.975	6.777091e-05
3519.731	7.522591e-05
3522.487	7.604063e-05
3525.244	6.551346e-05
3528	8.541725e-05
3530.756	6.552208e-05
3533.512	7.206563e-05
3536.269	7.944721e-05
3539.025	5.688932e-05
3541.781	8.250232e-05
3544.537	6.706458e-05
3547.294	7.151009e-05
3550.05	8.378396e-05
3552.806	6.150181e-05
3555.562	8.044802e-05
3558.319	6.613711e-05
3561.075	7.368746e-05
3563.831	7.508631e-05
3566.587	6.020587e-05
3569.344	8.821043e-05
3572.1	6.697969e-05
3574.856	6.855877e-05
3577.612	7.829763e-05
3580.369	5.485658e-05
3583.125	8.474186e-05
3585.881	6.36732e-05
3588.637	7.58004e-05
3591.394	8.939155e-05
3594.15	4.752518e-05
3596.906	8.118569e-05
3599.662	6.817245e-05
3602.419	6.716025e-05
3605.175	7.863384e-05
3607.931	4.444005e-05
3610.687	8.567706e-05
3613.444	7.114757e-05
3616.2	5.901162e-05
3618.956	7.637047e-05
3621.712	5.795761e-05
3624.469	7.686815e-05
3627.225	6.231858e-05
3629.981	6.920421e-05
3632.737	7.961183e-05
3635.494	4.600842e-05
3638.25	7.592537e-05
3641.006	5.900666e-05
3643.762	6.820646e-05
3646.519	9.124953e-05
3649.275	6.29514e-05
3652.031	6.459249e-05
3654.787	7.415601e-05
3657.544	4.989404e-05
3660.3	5.678753e-05
3663.056	6.36676e-05
3665.812	4.46056e-05
3668.569	5.703119e-05
3671.325	8.684873e-05
3674.081	0.0001430796
3676.837	0.0001515762
3679.594	6.922178e-05
3682.35	0.0001791293
3685.106	0.0002620427
3687.862	0.0001910378
3690.619	0.0001400297
3693.375	0.000189085
3696.131	0.0001577288
3698.887	0.000104592
3701.644	0.0001323432
3704.4	9.201712e-05
3707.156	6.99288e-05
3709.912	9.587876e-05
3712.669	0.0001135951
3715.425	0.000105033
3718.181	0.0001142607
3720.937	0.000102352
3723.694	8.949744e-05
3726.45	6.350299e-05
3729.206	8.382533e-05
3731.962	0.0001329437
3734.719	0.0001349568
3737.475	0.0001787101
3740.231	0.0004282559
3742.987	0.001022176
3745.744	0.0009550595
3748.5	0.0006483344
3751.256	0.000408511
3754.012	0.0003789066
3756.769	0.0002875305
3759.525	0.0001274889
3762.281	0.0001770446
3765.037	0.000109833
3767.794	0.0001455195
3770.55	0.000172262
3773.306	9.663997e-05
3776.062	0.0001147944
3778.819	0.0001097345
3781.575	6.944042e-05
3784.331	8.405066e-05
3787.087	8.454376e-05
3789.844	8.822764e-05
3792.6	7.709645e-05
3795.356	0.0001118075
3798.112	9.763684e-05
3800.869	8.889267e-05
3803.625	0.0001302776
3806.381	9.177592e-05
3809.137	9.751094e-05
3811.894	0.0001158241
3814.65	7.103041e-05
3817.406	0.0001080654
3820.162	9.648904e-05
3822.919	6.963568e-05
3825.675	9.789642e-05
3828.431	6.110178e-05
3831.187	9.161107e-05
3833.944	8.595121e-05
3836.7	7.531248e-05
3839.456	0.0001067964
3842.212	6.756238e-05
3844.969	9.99492e-05
3847.725	0.0001100586
3850.481	4.981548e-05
3853.237	9.581468e-05
3855.994	7.747112e-05
3858.75	7.813401e-05
3861.506	9.136013e-05
3864.262	4.9888e-05
3867.019	0.0001045905
3869.775	9.275666e-05
3872.531	7.230484e-05
3875.287	0.0001021874
3878.044	6.347982e-05
3880.8	8.792062e-05
3883.556	8.342635e-05
3886.312	6.581266e-05
3889.069	0.0001096917
3891.825	7.260774e-05
3894.581	9.64972e-05
3897.337	0.0001042706
3900.094	5.808758e-05
3902.85	0.0001134864
3905.606	9.056008e-05
3908.362	7.719891e-05
3911.119	0.0001035078
3913.875	5.809889e-05
3916.631	8.603431e-05
3919.387	8.107562e-05
3922.144	7.53348e-05
3924.9	0.0001045923
3927.656	6.849975e-05
3930.412	9.082341e-05
3933.169	9.969876e-05
3935.925	5.902957e-05
3938.681	8.571813e-05
3941.437	7.024447e-05
3944.194	7.290627e-05
3946.95	8.628184e-05
3949.706	6.033665e-05
3952.462	8.057352e-05
3955.219	7.633348e-05
3957.975	6.657747e-05
3960.731	7.939636e-05
3963.487	6.988769e-05
3966.244	7.146239e-05
3969	7.543664e-05
3971.756	6.50799e-05
3974.512	7.645498e-05
3977.269	7.168319e-05
3980.025	5.989768e-05
3982.781	7.816989e-05
3985.537	7.581086e-05
3988.294	5.867832e-05
3991.05	8.102832e-05
3993.806	7.01957e-05
3996.562	6.0772e-05
3999.319	8.658303e-05
4002.075	6.99676e-05
4004.831	6.830041e-05
4007.587	8.338178e-05
4010.344	6.343455e-05
4013.1	8.650865e-05
4015.856	7.933375e-05
4018.612	5.906003e-05
4021.369	8.229564e-05
4024.125	6.394218e-05
4026.881	7.423181e-05
4029.637	8.236383e-05
4032.394	5.700377e-05
4035.15	8.991576e-05
4037.906	7.748695e-05
4040.662	6.537636e-05
4043.419	9.054645e-05
4046.175	6.168614e-05
4048.931	7.417969e-05
4051.687	7.934827e-05
4054.444	5.488423e-05
4057.2	8.315447e-05
4059.956	6.6294e-05
4062.712	7.319785e-05
4065.469	8.25889e-05
4068.225	5.681385e-05
4070.981	9.167181e-05
4073.737	7.424554e-05
4076.494	7.017093e-05
4079.25	8.328202e-05
4082.006	4.856111e-05
4084.762	8.346863e-05
4087.519	7.519898e-05
4090.275	6.365601e-05
4093.031	8.170703e-05
4095.787	6.012389e-05
4098.543	8.363484e-05
4101.3	7.42551e-05
4104.056	6.842361e-05
4106.812	8.99825e-05
4109.569	5.691687e-05
4112.325	8.277544e-05
4115.081	7.802215e-05
4117.837	5.724869e-05
4120.594	8.224989e-05
4123.35	5.710915e-05
4126.106	7.664679e-05
4128.862	7.795908e-05
4131.619	5.758861e-05
4134.375	8.730744e-05
4137.131	6.553852e-05
4139.887	7.655985e-05
4142.644	7.927544e-05
4145.4	5.41868e-05
4148.156	8.058532e-05
4150.913	6.476395e-05
4153.668	6.828162e-05
4156.425	7.685644e-05
4159.181	5.752472e-05
4161.938	7.675787e-05
4164.694	7.139703e-05
4167.45	6.882606e-05
4170.206	7.63615e-05
4172.962	6.717637e-05
4175.719	7.565127e-05
4178.475	6.553809e-05
4181.231	7.354438e-05
4183.987	7.520497e-05
4186.744	6.224625e-05
4189.5	7.859081e-05
4192.256	6.376353e-05
4195.012	7.932499e-05
4197.769	8.589868e-05
4200.525	5.411302e-05
4203.281	7.21234e-05
4206.038	5.569359e-05
4208.793	0.0001133387
4211.55	0.0001410903
4214.306	0.0001096212
4217.062	0.0001077014
4219.819	0.0001177409
4222.575	7.254193e-05
4225.331	5.960386e-05
4228.087	7.524587e-05
4230.844	0.0001099274
4233.6	0.0001065588
4236.356	6.091244e-05
4239.112	0.0001131846
4241.869	9.46066e-05
4244.625	8.143206e-05
4247.381	9.891468e-05
4250.137	6.614735e-05
4252.894	0.0001282643
4255.65	0.0001142697
4258.406	9.898709e-05
4261.162	0.0001377443
4263.918	0.000103809
4266.675	0.0001372441
4269.431	0.000139649
4272.188	6.538496e-05
4274.943	0.0001176607
4277.7	0.0001026656
4280.456	0.0001831849
4283.212	0.0001964446
4285.969	0.0002062529
4288.725	0.0002735156
4291.481	0.0002364238
4294.237	0.0003188542
4296.994	0.0003799513
4299.75	0.0004184822
4302.506	0.0008779785
4305.262	0.001666836
4308.019	0.001716305
4310.775	0.001236856
4313.531	0.0009721546
4316.287	0.0007151318
4319.043	0.000518885
4321.8	0.00034631
4324.556	0.0002918861
4327.312	0.0002949346
4330.068	0.0002040235
4332.825	0.0002053575
4335.581	0.0001692835
4338.337	0.0001048592
4341.094	0.0001249001
4343.85	9.820904e-05
4346.606	0.0001330613
4349.362	0.0001295104
4352.119	0.0001235357
4354.875	0.0001254961
4357.631	7.762142e-05
4360.387	0.0001363219
4363.144	0.0001231883
4365.9	9.441255e-05
4368.656	0.0001200553
4371.412	8.1099e-05
4374.168	0.0001187669
4376.925	0.0001124297
4379.681	6.599058e-05
4382.438	0.0001079133
4385.193	6.812005e-05
4387.95	8.801337e-05
4390.706	9.098552e-05
4393.462	5.945737e-05
4396.219	9.555332e-05
4398.975	7.218495e-05
4401.731	5.687632e-05
4404.487	7.642053e-05
4407.244	5.017671e-05
4410	6.426683e-05
4412.756	6.259834e-05
4415.512	6.591535e-05
4418.269	6.896654e-05
4421.025	4.989695e-05
4423.781	7.216354e-05
4426.537	6.871937e-05
4429.293	5.373613e-05
4432.05	6.298305e-05
4434.806	6.860202e-05
4437.562	5.739039e-05
4440.318	6.667842e-05
4443.075	6.830534e-05
4445.831	5.678093e-05
4448.587	7.833024e-05
4451.344	6.048303e-05
4454.1	5.989576e-05
4456.856	7.562374e-05
4459.612	4.846872e-05
4462.369	7.622354e-05
4465.125	7.448735e-05
4467.881	5.660736e-05
4470.637	9.161592e-05
4473.394	6.759639e-05
4476.15	6.215939e-05
4478.906	7.913012e-05
4481.662	4.504774e-05
4484.418	7.399519e-05
4487.175	7.570995e-05
4489.931	4.906835e-05
4492.688	7.994745e-05
4495.443	7.028865e-05
4498.2	4.893002e-05
4500.956	7.059579e-05
4503.712	5.676781e-05
4506.469	5.927764e-05
4509.225	6.266963e-05
4511.981	5.071247e-05
4514.737	6.946822e-05
4517.494	6.884128e-05
4520.25	5.269023e-05
4523.006	7.993944e-05
4525.762	6.446764e-05
4528.519	5.342633e-05
4531.275	7.623036e-05
4534.031	5.445979e-05
4536.787	6.478388e-05
4539.543	7.352373e-05
4542.3	4.665753e-05
4545.056	7.249716e-05
4547.812	6.839708e-05
4550.568	5.332809e-05
4553.325	7.439739e-05
4556.081	6.101275e-05
4558.837	5.375507e-05
4561.594	6.58104e-05
4564.35	5.271117e-05
4567.106	6.53682e-05
4569.862	6.297306e-05
4572.619	5.499807e-05
4575.375	7.503203e-05
4578.131	6.010796e-05
4580.887	5.542977e-05
4583.644	6.512422e-05
4586.4	4.678741e-05
4589.156	7.427167e-05
4591.912	6.973218e-05
4594.668	5.209844e-05
4597.425	7.735487e-05
4600.181	5.541305e-05
4602.938	6.613272e-05
4605.693	7.270062e-05
4608.45	4.353484e-05
4611.206	7.209585e-05
4613.962	6.027906e-05
4616.719	5.584832e-05
4619.475	6.610467e-05
4622.231	4.906215e-05
4624.987	7.298963e-05
4627.744	6.193639e-05
4630.5	6.070975e-05
4633.256	7.463364e-05
4636.012	4.790048e-05
4638.769	7.000497e-05
4641.525	6.419527e-05
4644.281	5.184123e-05
4647.037	7.181336e-05
4649.793	4.815181e-05
4652.55	6.536953e-05
4655.306	6.532179e-05
4658.062	5.721207e-05
4660.818	6.989537e-05
4663.575	5.164426e-05
4666.331	6.637448e-05
4669.087	6.150261e-05
4671.844	5.390333e-05
4674.6	6.950732e-05
4677.356	4.879654e-05
4680.112	6.113538e-05
4682.869	5.940213e-05
4685.625	5.364427e-05
4688.381	6.886819e-05
4691.137	4.668559e-05
4693.894	6.738148e-05
4696.65	6.450326e-05
4699.406	5.27555e-05
4702.162	7.718799e-05
4704.918	5.23423e-05
4707.675	6.129383e-05
4710.431	6.707208e-05
4713.188	4.302484e-05
4715.943	7.113206e-05
4718.7	6.0578e-05
4721.456	5.576897e-05
4724.212	7.306258e-05
4726.969	6.090042e-05
4729.725	7.590115e-05
4732.481	6.499704e-05
4735.237	4.939338e-05
4737.994	6.390875e-05
4740.75	4.628628e-05
4743.506	5.712136e-05
4746.262	7.610553e-05
4749.019	7.38089e-05
4751.775	6.711581e-05
4754.531	6.932807e-05
4757.287	0.0001076433
4760.043	8.820733e-05
4762.8	5.784156e-05
4765.556	9.083881e-05
4768.312	6.390105e-05
4771.068	6.660751e-05
4773.825	7.474055e-05
4776.581	4.965972e-05
4779.337	7.572879e-05
4782.094	5.29008e-05
4784.85	6.861808e-05
4787.606	7.670988e-05
4790.362	4.392738e-05
4793.119	7.959365e-05
4795.875	6.134712e-05
4798.631	7.242199e-05
4801.387	8.436973e-05
4804.144	4.961516e-05
4806.9	8.775611e-05
4809.656	6.568281e-05
4812.412	7.664874e-05
4815.168	0.0001056868
4817.925	6.198473e-05
4820.681	0.0001006508
4823.438	9.191417e-05
4826.193	6.101253e-05
4828.95	8.901986e-05
4831.706	4.965238e-05
4834.462	8.157767e-05
4837.219	7.000312e-05
4839.975	9.675133e-05
4842.731	0.0001244601
4845.487	8.762678e-05
4848.244	0.0001304372
4851	0.0001270015
4853.756	0.0001111938
4856.512	0.0001353327
4859.269	0.0001085682
4862.025	0.000131451
4864.781	0.0001229221
4867.537	0.0001351641
4870.293	0.0001704146
4873.05	0.0002178405
4875.806	0.0003108988
4878.562	0.0004766875
4881.318	0.0009313018
4884.075	0.00112411
4886.831	0.0009073753
4889.587	0.0005957896
4892.344	0.0005216671
4895.1	0.0004046619
4897.856	0.0002500413
4900.612	0.0002662451
4903.369	0.0002024269
4906.125	0.0001967101
4908.881	0.0001980342
4911.637	0.0001469479
4914.394	0.0001789401
4917.15	0.0001294604
4919.906	0.0001211473
4922.662	0.0001315775
4925.418	7.526937e-05
4928.175	0.0001277685
4930.931	9.067993e-05
4933.688	0.0001094165
4936.443	0.0001274645
4939.2	7.485528e-05
4941.956	0.0001212564
4944.712	9.5642e-05
4947.469	8.04214e-05
4950.225	0.0001068081
4952.981	5.754133e-05
4955.737	9.565225e-05
4958.494	8.084418e-05
4961.25	6.490223e-05
4964.006	8.870903e-05
4966.762	4.868355e-05
4969.519	8.317355e-05
4972.275	7.341907e-05
4975.031	5.966544e-05
4977.787	8.62021e-05
4980.543	5.444845e-05
4983.3	7.651812e-05
4986.056	7.698902e-05
4988.812	5.580193e-05
4991.568	8.381797e-05
4994.325	6.248631e-05
4997.081	6.616272e-05
4999.837	7.373055e-05
5002.594	5.08905e-05
5005.35	7.160008e-05
5008.106	6.374472e-05
5010.862	5.974286e-05
5013.619	6.994775e-05
5016.375	5.91222e-05
5019.131	6.678089e-05
5021.887	6.489972e-05
5024.644	5.969728e-05
5027.4	6.493324e-05
5030.156	6.019546e-05
5032.912	6.108907e-05
5035.668	6.340235e-05
5038.425	6.071945e-05
5041.181	6.180152e-05
5043.938	6.289456e-05
5046.693	6.122074e-05
5049.45	6.11722e-05
5052.206	6.229407e-05
5054.962	6.013554e-05
5057.719	6.226531e-05
5060.475	6.245866e-05
5063.231	5.947192e-05
5065.987	6.481819e-05
5068.744	6.301099e-05
5071.5	5.825029e-05
5074.256	6.193903e-05
5077.012	5.997005e-05
5079.769	6.062313e-05
5082.525	6.18689e-05
5085.281	6.003171e-05
5088.037	6.199213e-05
5090.793	6.104042e-05
5093.55	6.044622e-05
5096.306	6.209418e-05
5099.062	6.021615e-05
5101.818	6.018869e-05
5104.575	6.135359e-05
5107.331	6.020045e-05
5110.087	6.074395e-05
5112.844	6.06928e-05
5115.6	6.062787e-05
5118.356	6.146323e-05
5121.112	6.033246e-05
5123.869	6.027703e-05
5126.625	6.078884e-05
5129.381	5.991705e-05
5132.137	6.050368e-05
5134.894	6.053848e-05
5137.65	6.03507e-05
5140.406	6.036614e-05
5143.162	5.99092e-05
5145.918	6.078828e-05
5148.675	6.074988e-05
5151.431	5.994006e-05
5154.188	6.054407e-05
5156.943	6.008596e-05
5159.7	6.002785e-05
5162.456	6.047594e-05
5165.212	5.98516e-05
5167.969	6.031057e-05
5170.725	5.995706e-05
5173.481	5.999416e-05
5176.237	6.059333e-05
5178.994	5.971132e-05
5181.75	6.016859e-05
5184.506	6.028434e-05
5187.262	5.967964e-05
5190.019	6.006072e-05
5192.775	5.979577e-05
5195.531	5.98628e-05
5198.287	6.010592e-05
5201.043	5.979288e-05
5203.8	5.994448e-05
5206.556	5.986104e-05
5209.312	5.989498e-05
5212.068	5.993116e-05
5214.825	5.977109e-05
5217.581	5.981209e-05
5220.337	5.953125e-05
5223.094	5.988963e-05
5225.85	5.98626e-05
5228.606	5.94623e-05
5231.362	5.980184e-05
5234.119	5.97355e-05
5236.875	5.991431e-05
5239.631	5.992789e-05
5242.387	5.957299e-05
5245.144	6.006133e-05
5247.9	5.940947e-05
5250.656	5.933624e-05
5253.412	5.986915e-05
5256.168	5.909826e-05
5258.925	5.962175e-05
5261.681	5.975067e-05
5264.438	5.939701e-05
5267.193	5.923372e-05
5269.95	5.910431e-05
5272.706	5.988646e-05
5275.462	5.887808e-05
5278.219	5.88378e-05
5280.975	6.055206e-05
5283.731	5.942532e-05
5286.487	5.929771e-05
5289.244	5.988187e-05
5292	5.948346e-05
5294.756	6.009857e-05
5297.512	5.882969e-05
5300.269	5.872647e-05
5303.025	5.981794e-05
5305.781	5.91943e-05
5308.537	5.951151e-05
5311.293	5.91519e-05
5314.05	5.966312e-05
5316.806	5.992804e-05
5319.562	5.895352e-05
5322.318	5.988215e-05
5325.075	5.873439e-05
5327.831	5.876331e-05
5330.587	6.004672e-05
5333.344	5.845461e-05
5336.1	5.95618e-05
5338.856	5.954339e-05
5341.612	5.88203e-05
5344.369	6.00903e-05
5347.125	5.879615e-05
5349.881	5.956499e-05
5352.637	5.970638e-05
5355.394	5.837691e-05
5358.15	5.970759e-05
5360.906	5.939598e-05
5363.662	5.898458e-05
5366.418	5.899515e-05
5369.175	5.930858e-05
5371.931	5.93431e-05
5374.688	5.859113e-05
5377.443	5.97136e-05
5380.2	5.901839e-05
5382.956	5.910157e-05
5385.712	5.991066e-05
5388.469	5.84712e-05
5391.225	5.971532e-05
5393.981	5.907071e-05
5396.737	5.878496e-05
5399.494	5.990598e-05
5402.25	5.778024e-05
5405.006	5.982058e-05
5407.762	6.00131e-05
5410.519	5.793982e-05
5413.275	5.97742e-05
5416.031	5.90482e-05
5418.787	5.910645e-05
5421.543	5.940446e-05
5424.3	5.877018e-05
5427.056	5.955442e-05
5429.812	5.875361e-05
5432.568	5.906651e-05
5435.325	5.923205e-05
5438.081	5.892685e-05
5440.837	5.945017e-05
5443.594	5.896857e-05
5446.35	5.960744e-05
5449.106	5.902769e-05
5451.862	5.888806e-05
5454.619	5.996038e-05
5457.375	5.925779e-05
5460.131	5.890334e-05
5462.887	5.91721e-05
5465.644	6.109647e-05
5468.4	5.864995e-05
5471.156	5.610619e-05
5473.912	6.02233e-05
5476.668	5.850333e-05
5479.425	5.816256e-05
5482.181	6.037187e-05
5484.938	5.835887e-05
5487.693	5.963067e-05
5490.45	5.904357e-05
5493.206	5.845351e-05
5495.962	5.975705e-05
5498.719	5.849689e-05
5501.475	5.943565e-05
5504.231	5.901809e-05
5506.987	5.87489e-05
5509.744	5.94558e-05
5512.5	2.972881e-05
