0	0.0001417936
2.75625	0.0002921777
5.5125	0.0002869116
8.268749	0.0002905688
11.025	0.0002822336
13.78125	0.0002921938
16.5375	0.0002886566
19.29375	0.0002870955
22.05	0.0002937466
24.80625	0.0002919757
27.5625	0.0002956341
30.31875	0.000298594
33.075	0.0002971949
35.83125	0.0002962424
38.5875	0.0003023321
41.34375	0.0003003764
44.1	0.0003098344
46.85625	0.0003117871
49.6125	0.0003139482
52.36875	0.0003214182
55.125	0.000321325
57.88125	0.0003273878
60.6375	0.0003290952
63.39375	0.0003280934
66.14999	0.0003385017
68.90625	0.0003469465
71.6625	0.000350251
74.41875	0.000355248
77.175	0.0003653016
79.93124	0.0003569315
82.6875	0.000425322
85.44375	0.000402948
88.2	0.0004314852
90.95625	0.0004914278
93.71249	0.0004970889
96.46875	0.0005016941
99.225	0.0003879698
101.9812	0.0004033231
104.7375	0.0007811295
107.4937	0.0008118514
110.25	0.0005769051
113.0062	0.0004447546
115.7625	0.0006105305
118.5187	0.0009409288
121.275	0.001395236
124.0312	0.001289942
126.7875	0.001059288
129.5437	0.0005829904
132.3	0.0006541109
135.0562	0.001041141
137.8125	0.001500316
140.5687	0.001599637
143.325	0.001860989
146.0812	0.001605648
148.8375	0.001897268
151.5938	0.002047813
154.35	0.001938537
157.1062	0.001141299
159.8625	0.001571436
162.6187	0.001594109
165.375	0.001241448
168.1312	0.000946175
170.8875	0.002046579
173.6437	0.00143799
176.4	0.0008452096
179.1562	0.001222332
181.9125	0.001691506
184.6687	0.002331338
187.425	0.001004614
190.1812	0.001218228
192.9375	0.001660355
195.6937	0.002150552
198.45	0.001228132
201.2062	0.001177662
203.9625	0.001053368
206.7188	0.001124372
209.475	0.00128429
212.2312	0.001090763
214.9875	0.001229189
217.7437	0.001024592
220.5	0.0009101744
223.2562	0.001197539
226.0125	0.001323395
228.7687	0.0007506837
231.525	0.0007787413
234.2812	0.0006139138
237.0375	0.0007257138
239.7937	0.0007150652
242.55	0.0006545122
245.3062	0.0006111934
248.0625	0.0006053778
250.8187	0.0005419246
253.575	0.0005123085
256.3312	0.000544831
259.0875	0.0004555096
261.8438	0.0004661967
264.6	0.0004272693
267.3562	0.0004733824
270.1125	0.0004918554
272.8687	0.0005144476
275.625	0.0006612788
278.3812	0.0005243805
281.1375	0.0005636312
283.8937	0.0005377882
286.65	0.0005721842
289.4062	0.0004446597
292.1625	0.0005949424
294.9187	0.0005260531
297.675	0.0004924967
300.4312	0.0004693175
303.1875	0.0005958108
305.9437	0.0007969349
308.7	0.0008442863
311.4562	0.001363312
314.2125	0.0006516616
316.9688	0.0006366539
319.725	0.0005905074
322.4812	0.0006789027
325.2375	0.0007575364
327.9937	0.0009545968
330.75	0.0004704231
333.5062	0.0007520682
336.2625	0.00101045
339.0187	0.0008489904
341.775	0.001006547
344.5312	0.001240538
347.2875	0.001313746
350.0437	0.001737496
352.8	0.00092581
355.5562	0.0010082
358.3125	0.000989055
361.0687	0.001082635
363.825	0.001224121
366.5812	0.001324363
369.3375	0.00341986
372.0938	0.001166873
374.85	0.0009604399
377.6062	0.001082788
380.3625	0.001129387
383.1187	0.001266619
385.875	0.001331315
388.6312	0.001780375
391.3875	0.001955419
394.1437	0.001435422
396.9	0.001703049
399.6562	0.001269853
402.4125	0.0009643788
405.1687	0.0007728933
407.925	0.0009273038
410.6812	0.001083737
413.4375	0.0008812803
416.1937	0.001453235
418.95	0.001032389
421.7062	0.001093341
424.4625	0.001090998
427.2188	0.001443135
429.975	0.001485139
432.7312	0.001452652
435.4875	0.001664584
438.2437	0.001369358
441	0.00125051
443.7562	0.001635459
446.5125	0.001689674
449.2687	0.001758413
452.025	0.001596088
454.7812	0.001636041
457.5375	0.001499965
460.2937	0.001267786
463.05	0.001000616
465.8062	0.001528152
468.5625	0.0009360925
471.3187	0.001185518
474.075	0.001388261
476.8312	0.00195645
479.5875	0.001750531
482.3437	0.002318054
485.1	0.002516888
487.8562	0.002807322
490.6125	0.003266644
493.3687	0.003690212
496.125	0.003753409
498.8812	0.003866632
501.6375	0.004375477
504.3937	0.004619267
507.15	0.005815811
509.9062	0.005908713
512.6625	0.006812287
515.4188	0.00922136
518.175	0.01330474
520.9312	0.02373164
523.6875	0.07694569
526.4437	0.02354384
529.2	0.01284813
531.9562	0.009230419
534.7125	0.007268337
537.4688	0.006207102
540.225	0.005581625
542.9812	0.005022396
545.7375	0.004470746
548.4937	0.00382717
551.25	0.00331318
554.0062	0.003591589
556.7625	0.002941767
559.5187	0.002520127
562.275	0.002365351
565.0312	0.002436131
567.7875	0.002369067
570.5437	0.002095136
573.3	0.00157095
576.0562	0.001312648
578.8125	0.00163976
581.5687	0.001583212
584.325	0.001724137
587.0812	0.001863462
589.8375	0.001375463
592.5938	0.001533659
595.35	0.001851614
598.1062	0.001497944
600.8625	0.001363824
603.6187	0.001451053
606.375	0.001737748
609.1312	0.001563313
611.8875	0.001954476
614.6437	0.001518606
617.4	0.001821555
620.1562	0.001878849
622.9125	0.003251429
625.6687	0.00239428
628.425	0.00287091
631.1812	0.002662097
633.9375	0.002421377
636.6937	0.00273617
639.45	0.00302699
642.2062	0.00351814
644.9625	0.003389392
647.7188	0.004217853
650.475	0.005876542
653.2312	0.005405103
655.9875	0.008397114
658.7437	0.03297304
661.5	0.04030556
664.2562	0.01571491
667.0125	0.008924111
669.7687	0.007982087
672.525	0.006738663
675.2812	0.005332915
678.0375	0.004764657
680.7937	0.003855031
683.55	0.003723288
686.3062	0.003352581
689.0625	0.003742532
691.8187	0.003123182
694.575	0.003100743
697.3312	0.003075847
700.0875	0.003512611
702.8438	0.002371136
705.6	0.002052832
708.3562	0.001824177
711.1125	0.001792917
713.8687	0.001800751
716.625	0.002231548
719.3812	0.002144412
722.1375	0.001846958
724.8937	0.002065239
727.65	0.002037511
730.4062	0.001875299
733.1625	0.00177243
735.9187	0.001914898
738.675	0.002130145
741.4312	0.002459593
744.1875	0.002283432
746.9437	0.002341239
749.7	0.002444251
752.4562	0.002302854
755.2125	0.002340261
757.9688	0.002231106
760.725	0.002159374
763.4812	0.00199671
766.2375	0.002100273
768.9937	0.001932874
771.75	0.001827452
774.5062	0.001680563
777.2625	0.001550925
780.0187	0.001393884
782.775	0.001537388
785.5312	0.001795301
788.2875	0.002445112
791.0437	0.001582297
793.8	0.001499543
796.5562	0.001347391
799.3125	0.001436431
802.0687	0.001385074
804.825	0.001458032
807.5812	0.00158985
810.3375	0.001511348
813.0938	0.001546531
815.85	0.001558761
818.6062	0.001567695
821.3625	0.001507624
824.1187	0.001535506
826.875	0.001506379
829.6312	0.001483654
832.3875	0.001465243
835.1437	0.00126859
837.9	0.001218642
840.6562	0.00112386
843.4125	0.001196812
846.1687	0.001041143
848.925	0.001027904
851.6812	0.0009458321
854.4375	0.000780156
857.1937	0.0008068307
859.95	0.0009059758
862.7062	0.001085867
865.4625	0.001552916
868.2188	0.002021273
870.975	0.002374761
873.7312	0.002508046
876.4875	0.003232021
879.2437	0.00401102
882	0.00885986
884.7562	0.0139017
887.5125	0.005851544
890.2687	0.003945263
893.025	0.00324144
895.7812	0.002659748
898.5375	0.002131266
901.2937	0.002138742
904.05	0.001856443
906.8062	0.001484188
909.5624	0.001626292
912.3187	0.001451591
915.075	0.001353994
917.8312	0.001106782
920.5875	0.001065901
923.3437	0.001126241
926.1	0.001168991
928.8562	0.001242178
931.6125	0.001168955
934.3687	0.001260924
937.1249	0.001210404
939.8812	0.001283428
942.6375	0.001263159
945.3937	0.001244847
948.15	0.001147207
950.9062	0.001037153
953.6625	0.0008988627
956.4187	0.0007765674
959.175	0.0007805754
961.9312	0.0007700433
964.6874	0.0006865722
967.4437	0.0005671372
970.2	0.0005760047
972.9562	0.0004810626
975.7125	0.0003998592
978.4687	0.0003765225
981.225	0.0003708147
983.9812	0.0004095044
986.7375	0.0004691269
989.4937	0.0005254164
992.2499	0.0005547951
995.0062	0.0005431833
997.7625	0.0006278541
1000.519	0.0005276881
1003.275	0.0006011716
1006.031	0.0006707124
1008.787	0.0006753997
1011.544	0.0006987668
1014.3	0.0007098166
1017.056	0.0007011918
1019.812	0.0006836738
1022.569	0.00062508
1025.325	0.0006384209
1028.081	0.0006455896
1030.838	0.0007016838
1033.594	0.0007578935
1036.35	0.0008654033
1039.106	0.0009955505
1041.862	0.0013769
1044.619	0.002388968
1047.375	0.007045934
1050.131	0.005526789
1052.887	0.003244618
1055.644	0.001918967
1058.4	0.001554738
1061.156	0.001490529
1063.912	0.001240578
1066.669	0.001193802
1069.425	0.001092592
1072.181	0.001067577
1074.938	0.001004753
1077.694	0.000902937
1080.45	0.0008222972
1083.206	0.0007532231
1085.962	0.0007678103
1088.719	0.0007809496
1091.475	0.0007442518
1094.231	0.0007015475
1096.987	0.0006668312
1099.744	0.0006311645
1102.5	0.000532008
1105.256	0.0005250813
1108.012	0.0005512672
1110.769	0.0005178864
1113.525	0.0005372277
1116.281	0.0004788983
1119.037	0.000454662
1121.794	0.0004492981
1124.55	0.0004116417
1127.306	0.0003885223
1130.062	0.0003672697
1132.819	0.0003759837
1135.575	0.0003357293
1138.331	0.0003252653
1141.087	0.0002744885
1143.844	0.0002614458
1146.6	0.0002328759
1149.356	0.000258542
1152.112	0.0002999746
1154.869	0.00030285
1157.625	0.0003175116
1160.381	0.0002885052
1163.137	0.0002935632
1165.894	0.0002878041
1168.65	0.0002912613
1171.406	0.0003161713
1174.162	0.0003075376
1176.919	0.0003056985
1179.675	0.0002567919
1182.431	0.000327878
1185.188	0.0002546623
1187.944	0.0003076519
1190.7	0.0002952716
1193.456	0.0002708727
1196.212	0.0002566146
1198.969	0.0002339714
1201.725	0.0002028735
1204.481	0.0001687806
1207.237	0.000171495
1209.994	0.0001781457
1212.75	0.0002001845
1215.506	0.0002012071
1218.262	0.0002274556
1221.019	0.0002120081
1223.775	0.0001840879
1226.531	0.0001987973
1229.287	0.0002038877
1232.044	0.0002330931
1234.8	0.0002511193
1237.556	0.0003579748
1240.312	0.0004195742
1243.069	0.000396456
1245.825	0.0004779674
1248.581	0.0004730807
1251.337	0.0003226611
1254.094	0.0002974656
1256.85	0.000304693
1259.606	0.0002885589
1262.362	0.0002904377
1265.119	0.0002876394
1267.875	0.0003181004
1270.631	0.0003047957
1273.387	0.0003442751
1276.144	0.0003801232
1278.9	0.0003592488
1281.656	0.0003990956
1284.412	0.0003642904
1287.169	0.0003682557
1289.925	0.0003563013
1292.681	0.0003205799
1295.438	0.0003534705
1298.194	0.0003942869
1300.95	0.0003625022
1303.706	0.0003405024
1306.462	0.0003617633
1309.219	0.0004191266
1311.975	0.0005367141
1314.731	0.0007463869
1317.487	0.001525031
1320.244	0.001621653
1323	0.004460849
1325.756	0.001617266
1328.512	0.0008450443
1331.269	0.0007119739
1334.025	0.0006617629
1336.781	0.0005554015
1339.537	0.0004805762
1342.294	0.0003698501
1345.05	0.0003340409
1347.806	0.0002844041
1350.562	0.0003170891
1353.319	0.000311785
1356.075	0.000294103
1358.831	0.0002949016
1361.587	0.0002580053
1364.344	0.0002404853
1367.1	0.0002005271
1369.856	0.0001794689
1372.612	0.000174329
1375.369	0.0001851141
1378.125	0.0001947317
1380.881	0.0001843756
1383.637	0.0001538236
1386.394	0.0001718855
1389.15	0.000184401
1391.906	0.000195762
1394.662	0.0002146165
1397.419	0.0001910352
1400.175	0.0001815878
1402.931	0.0002070627
1405.688	0.0001925838
1408.444	0.0002095493
1411.2	0.000190111
1413.956	0.0001681695
1416.712	0.0001331679
1419.469	0.0001378036
1422.225	0.0001459471
1424.981	0.0001539679
1427.737	0.0001697966
1430.494	0.0001925047
1433.25	0.0002133419
1436.006	0.0002346583
1438.762	0.0002757442
1441.519	0.0003028442
1444.275	0.000266229
1447.031	0.000300349
1449.787	0.000282427
1452.544	0.0003123378
1455.3	0.0003003574
1458.056	0.0002915674
1460.812	0.0002938202
1463.569	0.000287621
1466.325	0.0003741865
1469.081	0.0004562072
1471.837	0.0003900224
1474.594	0.0003365678
1477.35	0.0003263456
1480.106	0.0003010184
1482.862	0.0002997113
1485.619	0.0003931667
1488.375	0.0003534566
1491.131	0.0003321989
1493.887	0.0003487808
1496.644	0.0003676847
1499.4	0.0003820389
1502.156	0.0004076135
1504.912	0.0004121925
1507.669	0.0004084225
1510.425	0.0003932455
1513.181	0.0003906598
1515.938	0.0003930881
1518.694	0.0003375355
1521.45	0.0003670456
1524.206	0.0003823156
1526.962	0.0003909965
1529.719	0.0003902533
1532.475	0.0003810098
1535.231	0.0004406348
1537.987	0.0005068385
1540.744	0.000574742
1543.5	0.0006319259
1546.256	0.0006685953
1549.012	0.0007576711
1551.769	0.0008197535
1554.525	0.0009404875
1557.281	0.001020949
1560.037	0.001205964
1562.794	0.001508215
1565.55	0.001813667
1568.306	0.002532388
1571.062	0.003152428
1573.819	0.008010135
1576.575	0.01113535
1579.331	0.004740935
1582.087	0.002640394
1584.844	0.001829941
1587.6	0.002053894
1590.356	0.001539076
1593.112	0.001280896
1595.869	0.001134695
1598.625	0.001091236
1601.381	0.001029012
1604.137	0.0009767998
1606.894	0.0009593035
1609.65	0.0008847316
1612.406	0.0008402216
1615.162	0.0007247619
1617.919	0.0006702907
1620.675	0.0005951537
1623.431	0.0005202229
1626.188	0.0004495704
1628.944	0.0004779756
1631.7	0.0004358084
1634.456	0.00044641
1637.212	0.0004450459
1639.969	0.0004482325
1642.725	0.0003959865
1645.481	0.0003853235
1648.237	0.0003687437
1650.994	0.0004116964
1653.75	0.000401062
1656.506	0.0003888134
1659.262	0.0003732081
1662.019	0.000341942
1664.775	0.0003703202
1667.531	0.0003632677
1670.287	0.0003660606
1673.044	0.0003345436
1675.8	0.0003593619
1678.556	0.0003414693
1681.312	0.0003043821
1684.069	0.0003094075
1686.825	0.0002831869
1689.581	0.0002899143
1692.337	0.0002825596
1695.094	0.00028358
1697.85	0.0003351913
1700.606	0.0003342094
1703.362	0.0003519368
1706.119	0.0003850607
1708.875	0.0004060075
1711.631	0.0003294336
1714.387	0.0002510112
1717.144	0.0001996439
1719.9	0.0001801989
1722.656	0.0001777334
1725.412	0.0001686667
1728.169	0.0001774007
1730.925	0.0002157125
1733.681	0.000204108
1736.438	0.0002606386
1739.194	0.0002781037
1741.95	0.0002595535
1744.706	0.000260078
1747.462	0.0002876289
1750.219	0.000302539
1752.975	0.0003395612
1755.731	0.0003364045
1758.487	0.0003911845
1761.244	0.0006127447
1764	0.0009484122
1766.756	0.001315627
1769.512	0.001906429
1772.269	0.0006778687
1775.025	0.0005321729
1777.781	0.0005415718
1780.537	0.0004885125
1783.294	0.0003573325
1786.05	0.0003236795
1788.806	0.0003145821
1791.562	0.0003876029
1794.319	0.0004026588
1797.075	0.0003640444
1799.831	0.0004214933
1802.587	0.0004521379
1805.344	0.0003862313
1808.1	0.0004417642
1810.856	0.0004712631
1813.612	0.0004833256
1816.369	0.0004536602
1819.125	0.0004913362
1821.881	0.0004825239
1824.637	0.0004928387
1827.394	0.0004627919
1830.15	0.0004508341
1832.906	0.0004425047
1835.662	0.0004214455
1838.419	0.000428353
1841.175	0.0003828791
1843.931	0.0002961531
1846.687	0.0002737291
1849.444	0.0003044668
1852.2	0.0002814038
1854.956	0.0003136007
1857.712	0.0002174732
1860.469	0.0001716716
1863.225	0.0002200636
1865.981	0.0002359396
1868.737	0.0002450157
1871.494	0.000246152
1874.25	0.0002762349
1877.006	0.0003332885
1879.762	0.0004627668
1882.519	0.0004912253
1885.275	0.0004269924
1888.031	0.0004455791
1890.787	0.0003598633
1893.544	0.0003722329
1896.3	0.0003812097
1899.056	0.0003809028
1901.812	0.0003823623
1904.569	0.0004278323
1907.325	0.0004659155
1910.081	0.0004718025
1912.837	0.0004560156
1915.594	0.00042602
1918.35	0.0003727621
1921.106	0.0003069562
1923.862	0.0002977373
1926.619	0.000323342
1929.375	0.0003268752
1932.131	0.0003178752
1934.887	0.0003470966
1937.644	0.0004036415
1940.4	0.0004057286
1943.156	0.0004678938
1945.912	0.0005799377
1948.669	0.0006095584
1951.425	0.000712027
1954.181	0.0007532428
1956.937	0.0008073788
1959.694	0.0008126014
1962.45	0.0008776258
1965.206	0.0009799544
1967.962	0.00111241
1970.719	0.001178109
1973.475	0.001198459
1976.231	0.001371534
1978.987	0.001667547
1981.744	0.001767236
1984.5	0.001409427
1987.256	0.001896628
1990.012	0.004219307
1992.769	0.01051722
1995.525	0.004200988
1998.281	0.001441595
2001.037	0.001973635
2003.794	0.001363073
2006.55	0.001160532
2009.306	0.00115718
2012.062	0.001103696
2014.819	0.001018264
2017.575	0.0009399696
2020.331	0.0008735731
2023.087	0.0008553897
2025.844	0.000761162
2028.6	0.0007550089
2031.356	0.0007320007
2034.112	0.0006906329
2036.869	0.0005621708
2039.625	0.000535215
2042.381	0.00048395
2045.137	0.0004156586
2047.894	0.0003444188
2050.65	0.0002771134
2053.406	0.0002674522
2056.162	0.0002560213
2058.919	0.0002746612
2061.675	0.0003084853
2064.431	0.0003289203
2067.188	0.0003492491
2069.944	0.0003791239
2072.7	0.0003915424
2075.456	0.0004765223
2078.212	0.0005100174
2080.969	0.0004905957
2083.725	0.0005238759
2086.481	0.0005502941
2089.238	0.0005868845
2091.994	0.0006096063
2094.75	0.000633231
2097.506	0.0007413868
2100.262	0.0007847612
2103.019	0.0009220028
2105.775	0.001859034
2108.531	0.002876776
2111.287	0.001531352
2114.044	0.001090264
2116.8	0.0006134249
2119.556	0.0007141751
2122.312	0.0005402989
2125.069	0.0004842206
2127.825	0.0004174568
2130.581	0.0002987067
2133.337	0.0003226661
2136.094	0.0002812314
2138.85	0.0002240746
2141.606	0.0001714537
2144.362	0.0001604481
2147.119	0.0001683154
2149.875	0.0001361941
2152.631	0.0001659499
2155.387	0.0001665738
2158.144	0.0001696683
2160.9	0.0001798219
2163.656	0.0002108331
2166.412	0.000234818
2169.169	0.0002256383
2171.925	0.0002359348
2174.681	0.0002004629
2177.438	0.0002221802
2180.194	0.0002195417
2182.95	0.0001987226
2185.706	0.0001920822
2188.462	0.0001678305
2191.219	0.0001822886
2193.975	0.0001819235
2196.731	0.0001620007
2199.487	0.0001518289
2202.244	0.0001350053
2205	0.0001385615
2207.756	0.0001299829
2210.512	0.0001239979
2213.269	0.000116323
2216.025	0.0001105348
2218.781	0.0001080043
2221.537	0.0001047145
2224.294	0.0001139702
2227.05	0.0001184837
2229.806	0.0001168092
2232.562	0.0001349092
2235.319	0.0001376576
2238.075	0.0001237307
2240.831	0.0001191313
2243.587	0.0001337055
2246.344	0.0001214881
2249.1	0.0001095249
2251.856	0.0001159149
2254.612	0.0001018749
2257.369	0.0001053915
2260.125	0.0001044304
2262.881	0.000115731
2265.637	0.0001143018
2268.394	0.0001308472
2271.15	0.0001388809
2273.906	0.0001386974
2276.662	0.0001574326
2279.419	0.000166803
2282.175	0.0001821716
2284.931	0.0001866135
2287.688	0.0002021356
2290.444	0.0002030526
2293.2	0.0002002339
2295.956	0.0001795738
2298.712	0.0001682776
2301.469	0.000169422
2304.225	0.0001580481
2306.981	0.000156986
2309.737	0.0001640082
2312.494	0.0001639258
2315.25	0.0001450699
2318.006	0.0001413878
2320.762	0.0001398126
2323.519	0.0001345713
2326.275	0.0001237213
2329.031	0.0001347708
2331.787	0.0001416826
2334.544	0.000135791
2337.3	0.0001368354
2340.056	0.0001184042
2342.812	0.000121379
2345.569	0.0001036395
2348.325	0.0001047221
2351.081	0.0001166627
2353.837	0.0001087766
2356.594	0.0001105426
2359.35	0.0001109309
2362.106	0.0001177956
2364.862	0.0001121336
2367.619	0.0001157364
2370.375	0.00012128
2373.131	0.0001224968
2375.887	0.0001142167
2378.644	0.0001046232
2381.4	9.79553e-05
2384.156	9.893705e-05
2386.912	0.0001066577
2389.669	9.672507e-05
2392.425	0.0001127993
2395.181	0.0001124152
2397.938	0.0001195921
2400.694	0.0001217507
2403.45	0.0001026334
2406.206	0.0001171456
2408.962	0.0001228718
2411.719	0.000129037
2414.475	0.0001151083
2417.231	0.0001084784
2419.987	0.0001000863
2422.744	0.0001027343
2425.5	8.724284e-05
2428.256	9.218885e-05
2431.012	9.966056e-05
2433.769	0.0001118771
2436.525	0.0001182864
2439.281	0.0001053812
2442.037	0.000108914
2444.794	0.0001032329
2447.55	0.0001157931
2450.306	0.0001365587
2453.062	0.0001411723
2455.819	0.0001350773
2458.575	0.0001329018
2461.331	0.0001282945
2464.087	0.0001233979
2466.844	0.0001203989
2469.6	0.0001260264
2472.356	0.0001135747
2475.112	0.0001248641
2477.869	0.0001431135
2480.625	0.0001300925
2483.381	0.0001227714
2486.137	0.0001166725
2488.894	0.0001223314
2491.65	0.0001120638
2494.406	0.0001086504
2497.162	0.0001039675
2499.919	9.48563e-05
2502.675	0.0001384451
2505.431	0.0001383833
2508.188	0.0001406248
2510.944	0.0001562781
2513.7	0.000248753
2516.456	0.0004521625
2519.212	0.0004530645
2521.969	0.0003908155
2524.725	0.0003481985
2527.481	0.0002901623
2530.237	0.0002810613
2532.994	0.000294943
2535.75	0.0003067606
2538.506	0.0003142424
2541.262	0.0003075813
2544.019	0.0002991155
2546.775	0.0002928823
2549.531	0.0002832288
2552.287	0.0002551248
2555.044	0.0002395813
2557.8	0.0002328692
2560.556	0.000182737
2563.312	0.0001668157
2566.069	0.000140799
2568.825	0.0001806202
2571.581	0.0001859894
2574.337	0.0001930282
2577.094	0.0002040663
2579.85	0.0002188231
2582.606	0.0002699913
2585.362	0.0002749026
2588.119	0.0003071616
2590.875	0.0003055372
2593.631	0.0003662512
2596.387	0.0003658821
2599.144	0.0003754898
2601.9	0.0004386498
2604.656	0.0004476715
2607.412	0.0004691609
2610.169	0.0005040793
2612.925	0.0005671894
2615.681	0.0005797283
2618.438	0.000628761
2621.194	0.0007196405
2623.95	0.000750016
2626.706	0.0008779262
2629.462	0.0009513863
2632.219	0.0009748229
2634.975	0.001129611
2637.731	0.001433677
2640.487	0.0020039
2643.244	0.004009003
2646	0.005944815
2648.756	0.002823876
2651.512	0.002182734
2654.269	0.001665173
2657.025	0.00151435
2659.781	0.001590932
2662.537	0.001666217
2665.294	0.002132067
2668.05	0.004573155
2670.806	0.005504147
2673.562	0.002710643
2676.319	0.002121506
2679.075	0.001960232
2681.831	0.001766071
2684.587	0.001377838
2687.344	0.0009699174
2690.1	0.0008985255
2692.856	0.001030521
2695.612	0.0009073796
2698.369	0.000750758
2701.125	0.0006233279
2703.881	0.0005314676
2706.637	0.0004749403
2709.394	0.000474027
2712.15	0.0004386251
2714.906	0.0004260304
2717.662	0.0003525271
2720.419	0.0003250448
2723.175	0.0002712754
2725.931	0.0002651839
2728.688	0.0002665179
2731.444	0.0002381761
2734.2	0.0002293742
2736.956	0.0001898637
2739.712	0.0001976964
2742.469	0.0001960308
2745.225	0.0002067225
2747.981	0.0001983789
2750.737	0.0001605557
2753.494	0.0001575787
2756.25	0.0001470786
2759.006	0.0001467733
2761.762	0.000116166
2764.519	0.000110666
2767.275	0.0001162504
2770.031	9.933514e-05
2772.787	0.0001137193
2775.544	9.600527e-05
2778.3	9.423535e-05
2781.056	8.599177e-05
2783.812	9.577096e-05
2786.569	0.0001047374
2789.325	0.0001121099
2792.081	0.0001338689
2794.837	0.0001209967
2797.594	0.0001235721
2800.35	0.0001152227
2803.106	0.0001249353
2805.862	0.0001191117
2808.619	0.0001264421
2811.375	0.0001283786
2814.131	0.0001098755
2816.887	0.0001014527
2819.644	9.428628e-05
2822.4	0.000115047
2825.156	0.00010824
2827.912	9.934607e-05
2830.669	8.829851e-05
2833.425	9.523491e-05
2836.181	9.04422e-05
2838.938	8.170844e-05
2841.694	7.774511e-05
2844.45	6.147108e-05
2847.206	5.761198e-05
2849.962	4.922977e-05
2852.719	5.621216e-05
2855.475	5.626072e-05
2858.231	6.504577e-05
2860.987	6.803059e-05
2863.744	7.186244e-05
2866.5	8.523406e-05
2869.256	9.347554e-05
2872.012	0.000102252
2874.769	9.53394e-05
2877.525	0.000109164
2880.281	0.0001102364
2883.037	0.0001105283
2885.794	0.0001149178
2888.55	9.987341e-05
2891.306	0.000115094
2894.062	0.0001263128
2896.819	0.0001107004
2899.575	9.042803e-05
2902.331	9.691322e-05
2905.087	8.261261e-05
2907.844	9.177864e-05
2910.6	8.20039e-05
2913.356	8.428464e-05
2916.112	8.799737e-05
2918.869	7.904052e-05
2921.625	8.038653e-05
2924.381	6.544554e-05
2927.137	6.690911e-05
2929.894	5.999729e-05
2932.65	5.667815e-05
2935.406	6.561658e-05
2938.162	6.161987e-05
2940.919	5.767674e-05
2943.675	5.97795e-05
2946.431	7.863693e-05
2949.188	8.512741e-05
2951.944	8.754927e-05
2954.7	9.092019e-05
2957.456	8.094048e-05
2960.212	8.741044e-05
2962.969	8.622093e-05
2965.725	9.345645e-05
2968.481	8.445674e-05
2971.237	8.765943e-05
2973.994	8.617491e-05
2976.75	8.728062e-05
2979.506	8.85649e-05
2982.262	8.338811e-05
2985.019	8.860423e-05
2987.775	7.392807e-05
2990.531	7.533746e-05
2993.287	6.490125e-05
2996.044	6.635395e-05
2998.8	5.439394e-05
3001.556	5.16594e-05
3004.312	6.258084e-05
3007.069	6.422658e-05
3009.825	6.323027e-05
3012.581	6.047039e-05
3015.337	5.427547e-05
3018.094	5.266068e-05
3020.85	4.805117e-05
3023.606	5.844831e-05
3026.362	4.984723e-05
3029.119	7.034812e-05
3031.875	6.8933e-05
3034.631	6.942646e-05
3037.387	8.565548e-05
3040.144	0.0001418752
3042.9	0.0001550896
3045.656	0.0001572765
3048.412	0.0001437052
3051.169	0.0001210129
3053.925	9.059157e-05
3056.681	8.005655e-05
3059.438	7.987391e-05
3062.194	8.597881e-05
3064.95	8.585241e-05
3067.706	9.072608e-05
3070.462	8.403739e-05
3073.219	8.314899e-05
3075.975	8.053839e-05
3078.731	7.704135e-05
3081.487	8.393559e-05
3084.244	8.745933e-05
3087	8.694272e-05
3089.756	9.396824e-05
3092.512	7.83033e-05
3095.269	7.71959e-05
3098.025	6.013602e-05
3100.781	6.110001e-05
3103.537	5.165386e-05
3106.294	5.439515e-05
3109.05	6.357036e-05
3111.806	6.311585e-05
3114.562	5.809496e-05
3117.319	5.981506e-05
3120.075	6.013847e-05
3122.831	6.402977e-05
3125.587	6.325379e-05
3128.344	6.24995e-05
3131.1	7.154741e-05
3133.856	8.149197e-05
3136.612	7.913725e-05
3139.369	8.642506e-05
3142.125	9.12429e-05
3144.881	0.0001096319
3147.637	9.199977e-05
3150.394	0.0001140948
3153.15	0.0001440225
3155.906	0.0001046735
3158.662	8.484774e-05
3161.419	8.242873e-05
3164.175	9.062959e-05
3166.931	8.162023e-05
3169.688	0.0001221338
3172.444	0.0001460495
3175.2	0.0001509033
3177.956	0.0001043892
3180.712	0.0001325132
3183.469	0.0001904633
3186.225	0.0002083001
3188.981	0.0006515787
3191.737	0.0006393975
3194.494	0.0004571855
3197.25	0.0003364331
3200.006	0.0003094694
3202.762	0.0002962853
3205.519	0.0002575031
3208.275	0.0002067071
3211.031	0.0002025672
3213.787	0.0002239174
3216.544	0.0002252391
3219.3	0.0002216428
3222.056	0.000196921
3224.812	0.0001849239
3227.569	0.0001582365
3230.325	0.0001596848
3233.081	0.0001613033
3235.837	0.0001341293
3238.594	0.0001218139
3241.35	0.0001187165
3244.106	0.0001364308
3246.862	0.0001288565
3249.619	0.0001313242
3252.375	0.0001164006
3255.131	0.0001159533
3257.887	0.000111083
3260.644	0.0001134589
3263.4	0.0001213812
3266.156	0.0001153087
3268.912	0.0001077261
3271.669	0.0001009737
3274.425	9.95681e-05
3277.181	0.0001068597
3279.938	9.739184e-05
3282.694	0.0001015633
3285.45	9.682116e-05
3288.206	9.589395e-05
3290.962	9.266293e-05
3293.719	0.0001015178
3296.475	0.0001090737
3299.231	9.895605e-05
3301.987	0.0001082479
3304.744	8.768186e-05
3307.5	6.839858e-05
3310.256	6.84025e-05
3313.012	7.850421e-05
3315.769	0.0001156347
3318.525	0.0001159504
3321.281	0.0001136597
3324.037	0.000112725
3326.794	0.0001376781
3329.55	0.0001456526
3332.306	0.0001031776
3335.062	0.0001380534
3337.819	0.0001517026
3340.575	0.0001548951
3343.331	0.0001571583
3346.087	0.0001531483
3348.844	0.0001650112
3351.6	0.0001764082
3354.356	0.0002263425
3357.112	0.0007034373
3359.869	0.0002913422
3362.625	0.0002090624
3365.381	0.0002076083
3368.137	0.0001778015
3370.894	0.000164427
3373.65	0.0001139511
3376.406	0.0001189861
3379.162	0.0001086977
3381.919	0.0001127843
3384.675	0.0001289747
3387.431	0.0001365883
3390.188	0.0001386454
3392.944	0.0001573659
3395.7	0.0001913747
3398.456	0.0001750185
3401.212	0.0001616864
3403.969	0.0001423755
3406.725	0.000139841
3409.481	0.0001308114
3412.237	0.0001356026
3414.994	0.000126523
3417.75	0.000133766
3420.506	0.0001302857
3423.262	0.000120228
3426.019	0.0001074721
3428.775	0.0001042434
3431.531	8.960733e-05
3434.287	8.947325e-05
3437.044	9.152704e-05
3439.8	7.412707e-05
3442.556	7.504605e-05
3445.312	7.246222e-05
3448.069	7.087366e-05
3450.825	7.536482e-05
3453.581	7.732984e-05
3456.337	7.479573e-05
3459.094	7.446996e-05
3461.85	0.0001045202
3464.606	9.737672e-05
3467.362	9.372894e-05
3470.119	9.307698e-05
3472.875	8.891684e-05
3475.631	8.917467e-05
3478.387	8.462915e-05
3481.144	9.394432e-05
3483.9	9.406362e-05
3486.656	0.0001007597
3489.412	9.968482e-05
3492.169	0.000103311
3494.925	0.0001014969
3497.681	0.0001044795
3500.438	9.222674e-05
3503.194	0.000100155
3505.95	0.0001062807
3508.706	9.69407e-05
3511.462	0.0001039495
3514.219	0.0001044704
3516.975	9.549214e-05
3519.731	8.09201e-05
3522.487	8.346017e-05
3525.244	8.090964e-05
3528	8.278786e-05
3530.756	6.477843e-05
3533.512	6.664114e-05
3536.269	7.421932e-05
3539.025	8.556452e-05
3541.781	0.0001066687
3544.537	0.0001155177
3547.294	0.0001221464
3550.05	0.0001149191
3552.806	0.0001186669
3555.562	0.0001167069
3558.319	0.0001192288
3561.075	0.0001323776
3563.831	0.0001356526
3566.587	0.0001624665
3569.344	0.0002292349
3572.1	0.0001927096
3574.856	0.0004057202
3577.612	0.0008096647
3580.369	0.0005724585
3583.125	0.0003575981
3585.881	0.0002850226
3588.637	0.000253608
3591.394	0.0002306674
3594.15	0.0001975061
3596.906	0.0001661317
3599.662	0.0001449657
3602.419	0.0001546864
3605.175	0.0001672164
3607.931	0.0001615448
3610.687	0.0001389298
3613.444	0.0001300668
3616.2	0.000121369
3618.956	0.0001118442
3621.712	9.475902e-05
3624.469	9.538036e-05
3627.225	9.886578e-05
3629.981	9.904146e-05
3632.737	8.227728e-05
3635.494	8.627641e-05
3638.25	7.577004e-05
3641.006	8.363183e-05
3643.762	8.156132e-05
3646.519	8.251251e-05
3649.275	7.125997e-05
3652.031	7.470268e-05
3654.787	6.779168e-05
3657.544	7.82857e-05
3660.3	7.14976e-05
3663.056	6.93807e-05
3665.812	6.7876e-05
3668.569	7.252445e-05
3671.325	9.014522e-05
3674.081	8.32449e-05
3676.837	8.21161e-05
3679.594	8.193163e-05
3682.35	6.960142e-05
3685.106	8.793197e-05
3687.862	0.000107079
3690.619	8.757141e-05
3693.375	0.0001120974
3696.131	0.0001103191
3698.887	0.0001003978
3701.644	9.395117e-05
3704.4	0.0001014173
3707.156	0.0001152208
3709.912	0.0001104686
3712.669	0.0001181498
3715.425	0.0001175618
3718.181	0.0001052403
3720.937	8.231329e-05
3723.694	8.955848e-05
3726.45	8.569196e-05
3729.206	7.667387e-05
3731.962	6.638337e-05
3734.719	8.964855e-05
3737.475	8.92446e-05
3740.231	0.0001317936
3742.987	0.0004515508
3745.744	0.0004551881
3748.5	0.0002859484
3751.256	0.0002517553
3754.012	0.0002050249
3756.769	0.0001837724
3759.525	0.000181064
3762.281	0.0001913476
3765.037	0.0001758586
3767.794	0.0001429155
3770.55	0.000140643
3773.306	0.0001304442
3776.062	0.0001246257
3778.819	0.0001258085
3781.575	0.0001005485
3784.331	9.850321e-05
3787.087	8.333816e-05
3789.844	8.037684e-05
3792.6	8.858427e-05
3795.356	0.0001009315
3798.112	0.0001099885
3800.869	0.0001198295
3803.625	0.0001080936
3806.381	0.0001078009
3809.137	0.0001117172
3811.894	0.0001089145
3814.65	7.893229e-05
3817.406	8.299801e-05
3820.162	8.568469e-05
3822.919	8.730926e-05
3825.675	9.360931e-05
3828.431	9.363644e-05
3831.187	8.521604e-05
3833.944	9.530837e-05
3836.7	0.0001102378
3839.456	0.0001009447
3842.212	9.838854e-05
3844.969	0.0001034034
3847.725	0.0001000832
3850.481	9.37413e-05
3853.237	8.642029e-05
3855.994	0.0001066987
3858.75	0.0001068412
3861.506	0.0001149028
3864.262	0.0001234089
3867.019	0.0001084351
3869.775	0.0001046702
3872.531	6.150939e-05
3875.287	5.180648e-05
3878.044	6.010288e-05
3880.8	6.575052e-05
3883.556	7.848505e-05
3886.312	7.442186e-05
3889.069	7.906964e-05
3891.825	8.018336e-05
3894.581	9.217721e-05
3897.337	9.344218e-05
3900.094	0.0001054273
3902.85	0.0001139482
3905.606	0.000118049
3908.362	0.0001185379
3911.119	0.0001215283
3913.875	0.000125099
3916.631	0.0001155392
3919.387	0.0001189496
3922.144	0.0001167802
3924.9	0.0001105344
3927.656	0.000113744
3930.412	0.0001029869
3933.169	0.0001035526
3935.925	9.775579e-05
3938.681	0.000102591
3941.437	9.076103e-05
3944.194	8.997336e-05
3946.95	8.907146e-05
3949.706	8.782028e-05
3952.462	8.876977e-05
3955.219	8.720799e-05
3957.975	7.232462e-05
3960.731	9.749117e-05
3963.487	9.416941e-05
3966.244	0.000106431
3969	9.151459e-05
3971.756	8.912844e-05
3974.512	7.501181e-05
3977.269	9.547588e-05
3980.025	6.8234e-05
3982.781	6.392757e-05
3985.537	0.0001697121
3988.294	0.0001231248
3991.05	0.0001536101
3993.806	0.0001519901
3996.562	0.0001493306
3999.319	0.0001466669
4002.075	0.000148812
4004.831	0.0002013233
4007.587	0.0002136447
4010.344	0.0002107522
4013.1	0.000239004
4015.856	0.0002716584
4018.612	0.0002879975
4021.369	0.0002778657
4024.125	0.0003066066
4026.881	0.0003068545
4029.637	0.0003005136
4032.394	0.0002820589
4035.15	0.0002951397
4037.906	0.0003243232
4040.662	0.0003508859
4043.419	0.0003578209
4046.175	0.0003810808
4048.931	0.0003986037
4051.687	0.000467359
4054.444	0.0006412097
4057.2	0.0008701441
4059.956	0.000687091
4062.712	0.0006086743
4065.469	0.0004235574
4068.225	0.0003411526
4070.981	0.000295789
4073.737	0.0002844359
4076.494	0.0002717825
4079.25	0.0002213295
4082.006	0.0001743741
4084.762	0.0001377359
4087.519	0.0001320909
4090.275	0.0001165486
4093.031	9.336277e-05
4095.787	7.008548e-05
4098.543	6.211328e-05
4101.3	6.348301e-05
4104.056	6.51398e-05
4106.812	5.750977e-05
4109.569	5.692014e-05
4112.325	5.275892e-05
4115.081	5.457992e-05
4117.837	6.301003e-05
4120.594	6.140456e-05
4123.35	5.586197e-05
4126.106	7.71369e-05
4128.862	6.773727e-05
4131.619	6.571282e-05
4134.375	6.683018e-05
4137.131	6.400882e-05
4139.887	6.655906e-05
4142.644	6.634305e-05
4145.4	7.272309e-05
4148.156	7.733525e-05
4150.913	8.151898e-05
4153.668	7.648113e-05
4156.425	7.251199e-05
4159.181	6.979052e-05
4161.938	7.34656e-05
4164.694	6.934106e-05
4167.45	6.334457e-05
4170.206	6.764504e-05
4172.962	6.400846e-05
4175.719	6.273668e-05
4178.475	6.046381e-05
4181.231	6.171606e-05
4183.987	5.879689e-05
4186.744	6.612662e-05
4189.5	7.791617e-05
4192.256	7.381941e-05
4195.012	8.069602e-05
4197.769	7.327805e-05
4200.525	8.051717e-05
4203.281	7.180325e-05
4206.038	6.894841e-05
4208.793	7.441204e-05
4211.55	8.164232e-05
4214.306	7.837791e-05
4217.062	8.184765e-05
4219.819	7.963944e-05
4222.575	7.891662e-05
4225.331	6.695965e-05
4228.087	9.110399e-05
4230.844	9.853611e-05
4233.6	9.690202e-05
4236.356	8.49295e-05
4239.112	6.279392e-05
4241.869	7.905955e-05
4244.625	7.680187e-05
4247.381	9.902504e-05
4250.137	7.950075e-05
4252.894	7.255897e-05
4255.65	8.669459e-05
4258.406	8.607769e-05
4261.162	0.0001072023
4263.918	0.0001201737
4266.675	0.000132323
4269.431	0.0001468608
4272.188	0.0001617209
4274.943	0.0001566494
4277.7	0.0001798163
4280.456	0.0002171219
4283.212	0.0002256301
4285.969	0.0002440724
4288.725	0.0002393974
4291.481	0.0002264334
4294.237	0.0002780899
4296.994	0.0002980897
4299.75	0.0003507037
4302.506	0.0004882103
4305.262	0.0009255656
4308.019	0.001053217
4310.775	0.0006980037
4313.531	0.0006577063
4316.287	0.0005070866
4319.043	0.0003800807
4321.8	0.0002917077
4324.556	0.0002455073
4327.312	0.0002416619
4330.068	0.0002399515
4332.825	0.0002179105
4335.581	0.0002276435
4338.337	0.0001979893
4341.094	0.0001978446
4343.85	0.0002109581
4346.606	0.0002105569
4349.362	0.000196274
4352.119	0.0001747435
4354.875	0.0001592538
4357.631	0.000156448
4360.387	0.0001625255
4363.144	0.0001339425
4365.9	0.0001199938
4368.656	0.0001012412
4371.412	0.0001051627
4374.168	8.749231e-05
4376.925	9.124908e-05
4379.681	9.432383e-05
4382.438	8.932562e-05
4385.193	8.919637e-05
4387.95	9.648322e-05
4390.706	8.69342e-05
4393.462	7.75857e-05
4396.219	7.949081e-05
4398.975	7.250573e-05
4401.731	7.291434e-05
4404.487	7.046892e-05
4407.244	8.133264e-05
4410	9.644104e-05
4412.756	9.748417e-05
4415.512	0.0001088462
4418.269	0.0001011666
4421.025	0.000111289
4423.781	0.0001022847
4426.537	8.279808e-05
4429.293	9.192735e-05
4432.05	0.0001073238
4434.806	0.0001033301
4437.562	9.905345e-05
4440.318	0.00010254
4443.075	7.461429e-05
4445.831	7.6194e-05
4448.587	7.738799e-05
4451.344	6.279263e-05
4454.1	7.759256e-05
4456.856	0.0001053866
4459.612	0.0001198026
4462.369	9.394697e-05
4465.125	9.206004e-05
4467.881	8.869781e-05
4470.637	8.325332e-05
4473.394	8.645753e-05
4476.15	9.678091e-05
4478.906	0.0001080508
4481.662	0.0001158038
4484.418	0.0001182751
4487.175	0.0001341164
4489.931	0.0001343376
4492.688	0.0001510171
4495.443	0.000149909
4498.2	0.000133789
4500.956	0.0001567557
4503.712	0.0002393895
4506.469	0.0003467915
4509.225	0.0002068935
4511.981	0.00014539
4514.737	0.0001246463
4517.494	0.0001118
4520.25	8.99937e-05
4523.006	7.579396e-05
4525.762	4.744592e-05
4528.519	4.610271e-05
4531.275	5.509045e-05
4534.031	6.453774e-05
4536.787	8.006159e-05
4539.543	8.700104e-05
4542.3	8.711169e-05
4545.056	0.0001069244
4547.812	0.000107552
4550.568	0.0001129894
4553.325	0.0001221213
4556.081	0.0001226322
4558.837	0.0001262269
4561.594	0.0001102835
4564.35	9.67552e-05
4567.106	0.0001056029
4569.862	0.0001146514
4572.619	0.0001007248
4575.375	0.0001031627
4578.131	8.934608e-05
4580.887	8.530223e-05
4583.644	7.378163e-05
4586.4	6.533335e-05
4589.156	6.876318e-05
4591.912	6.650645e-05
4594.668	7.728038e-05
4597.425	7.461313e-05
4600.181	7.62401e-05
4602.938	7.54875e-05
4605.693	8.568553e-05
4608.45	9.205719e-05
4611.206	8.978528e-05
4613.962	9.127465e-05
4616.719	9.066391e-05
4619.475	9.151705e-05
4622.231	8.782164e-05
4624.987	8.100312e-05
4627.744	7.828119e-05
4630.5	7.140978e-05
4633.256	7.78927e-05
4636.012	7.148854e-05
4638.769	5.281325e-05
4641.525	5.438628e-05
4644.281	5.337877e-05
4647.037	4.40757e-05
4649.793	4.778194e-05
4652.55	5.515819e-05
4655.306	5.03802e-05
4658.062	6.201302e-05
4660.818	4.351798e-05
4663.575	7.876488e-05
4666.331	6.843689e-05
4669.087	6.508415e-05
4671.844	6.976976e-05
4674.6	7.65409e-05
4677.356	6.712956e-05
4680.112	5.132446e-05
4682.869	6.176699e-05
4685.625	6.043146e-05
4688.381	6.053775e-05
4691.137	5.478043e-05
4693.894	6.482278e-05
4696.65	6.696191e-05
4699.406	7.343918e-05
4702.162	6.657785e-05
4704.918	7.566002e-05
4707.675	7.712543e-05
4710.431	8.215362e-05
4713.188	9.053474e-05
4715.943	8.700618e-05
4718.7	8.767522e-05
4721.456	7.318213e-05
4724.212	6.446381e-05
4726.969	3.638165e-05
4729.725	2.976703e-05
4732.481	3.280138e-05
4735.237	3.359935e-05
4737.994	4.490506e-05
4740.75	4.7427e-05
4743.506	6.774306e-05
4746.262	8.402204e-05
4749.019	8.629961e-05
4751.775	8.884728e-05
4754.531	0.0001073083
4757.287	0.0001252667
4760.043	0.0001356036
4762.8	0.0001792034
4765.556	0.0002274068
4768.312	0.0002873447
4771.068	0.0004320478
4773.825	0.0004841017
4776.581	0.0003321376
4779.337	0.0001852539
4782.094	0.0001660965
4784.85	0.0001862163
4787.606	0.0001625197
4790.362	0.0001302575
4793.119	0.0001411867
4795.875	0.0001233027
4798.631	0.0001111161
4801.387	0.0001039037
4804.144	0.0001085953
4806.9	0.0001022562
4809.656	0.0001035727
4812.412	0.0001083798
4815.168	7.553542e-05
4817.925	8.743649e-05
4820.681	7.639504e-05
4823.438	7.212107e-05
4826.193	6.198018e-05
4828.95	5.132236e-05
4831.706	4.914794e-05
4834.462	4.992664e-05
4837.219	4.024564e-05
4839.975	5.038114e-05
4842.731	6.266296e-05
4845.487	5.063398e-05
4848.244	6.022043e-05
4851	7.851264e-05
4853.756	7.959285e-05
4856.512	9.480548e-05
4859.269	0.0001000837
4862.025	0.0001154099
4864.781	0.0001243702
4867.537	0.000136195
4870.293	0.0001589541
4873.05	0.0001935831
4875.806	0.0002015335
4878.562	0.0002449249
4881.318	0.0004688298
4884.075	0.0005813874
4886.831	0.0004450684
4889.587	0.0003471992
4892.344	0.0003127028
4895.1	0.000274095
4897.856	0.0002370958
4900.612	0.0002108984
4903.369	0.0001975167
4906.125	0.000185102
4908.881	0.0001754626
4911.637	0.0001587147
4914.394	0.0001577822
4917.15	0.0001531001
4919.906	0.0001371154
4922.662	0.0001329119
4925.418	0.0001210262
4928.175	0.0001188224
4930.931	0.0001037715
4933.688	0.0001002724
4936.443	0.0001012566
4939.2	9.509877e-05
4941.956	9.289567e-05
4944.712	8.743101e-05
4947.469	9.121406e-05
4950.225	8.993918e-05
4952.981	9.018352e-05
4955.737	8.87788e-05
4958.494	8.856749e-05
4961.25	9.357215e-05
4964.006	9.223113e-05
4966.762	9.08164e-05
4969.519	9.067616e-05
4972.275	9.166971e-05
4975.031	9.017687e-05
4977.787	8.49075e-05
4980.543	8.367126e-05
4983.3	8.319884e-05
4986.056	8.502907e-05
4988.812	8.457454e-05
4991.568	8.452147e-05
4994.325	8.522228e-05
4997.081	8.103922e-05
4999.837	7.858835e-05
5002.594	7.725917e-05
5005.35	7.714102e-05
5008.106	7.664086e-05
5010.862	7.709507e-05
5013.619	7.826102e-05
5016.375	7.768735e-05
5019.131	7.929145e-05
5021.887	7.916216e-05
5024.644	7.92899e-05
5027.4	7.830885e-05
5030.156	7.963213e-05
5032.912	7.99866e-05
5035.668	7.79577e-05
5038.425	7.751535e-05
5041.181	7.62347e-05
5043.938	7.661696e-05
5046.693	7.695259e-05
5049.45	7.595606e-05
5052.206	7.463191e-05
5054.962	7.421867e-05
5057.719	7.257192e-05
5060.475	7.221225e-05
5063.231	7.299798e-05
5065.987	7.351565e-05
5068.744	7.379903e-05
5071.5	7.265471e-05
5074.256	7.328292e-05
5077.012	7.244427e-05
5079.769	7.258823e-05
5082.525	7.182819e-05
5085.281	7.239484e-05
5088.037	7.247312e-05
5090.793	7.280087e-05
5093.55	7.229159e-05
5096.306	7.268003e-05
5099.062	7.312218e-05
5101.818	7.312137e-05
5104.575	7.230233e-05
5107.331	7.186714e-05
5110.087	7.030017e-05
5112.844	7.164952e-05
5115.6	7.078183e-05
5118.356	7.307281e-05
5121.112	7.266922e-05
5123.869	7.344218e-05
5126.625	7.260131e-05
5129.381	7.306162e-05
5132.137	7.2276e-05
5134.894	7.202135e-05
5137.65	7.144967e-05
5140.406	7.033873e-05
5143.162	7.059556e-05
5145.918	7.114784e-05
5148.675	7.092952e-05
5151.431	7.08383e-05
5154.188	7.113716e-05
5156.943	7.120256e-05
5159.7	7.040051e-05
5162.456	7.103638e-05
5165.212	7.132388e-05
5167.969	7.184713e-05
5170.725	7.154453e-05
5173.481	7.150436e-05
5176.237	7.188453e-05
5178.994	7.170116e-05
5181.75	7.179232e-05
5184.506	7.136661e-05
5187.262	7.105223e-05
5190.019	7.03667e-05
5192.775	6.97375e-05
5195.531	6.959675e-05
5198.287	6.93844e-05
5201.043	6.996291e-05
5203.8	6.935074e-05
5206.556	6.955119e-05
5209.312	6.928066e-05
5212.068	6.960265e-05
5214.825	6.918931e-05
5217.581	6.883225e-05
5220.337	6.937564e-05
5223.094	6.922492e-05
5225.85	6.949477e-05
5228.606	6.93181e-05
5231.362	6.979773e-05
5234.119	6.997737e-05
5236.875	7.003377e-05
5239.631	7.009763e-05
5242.387	6.992239e-05
5245.144	6.995768e-05
5247.9	6.966591e-05
5250.656	6.913125e-05
5253.412	6.886066e-05
5256.168	6.895234e-05
5258.925	6.912088e-05
5261.681	6.855395e-05
5264.438	6.882039e-05
5267.193	6.883255e-05
5269.95	6.869258e-05
5272.706	6.877827e-05
5275.462	6.874744e-05
5278.219	6.896285e-05
5280.975	6.892993e-05
5283.731	6.934475e-05
5286.487	6.916765e-05
5289.244	6.925067e-05
5292	6.971714e-05
5294.756	6.930295e-05
5297.512	6.855739e-05
5300.269	6.767393e-05
5303.025	6.80716e-05
5305.781	6.731902e-05
5308.537	6.825887e-05
5311.293	6.847897e-05
5314.05	6.919347e-05
5316.806	6.889446e-05
5319.562	6.896321e-05
5322.318	6.931988e-05
5325.075	6.894526e-05
5327.831	6.827599e-05
5330.587	6.881471e-05
5333.344	6.891817e-05
5336.1	6.925991e-05
5338.856	6.936317e-05
5341.612	6.942185e-05
5344.369	6.824912e-05
5347.125	6.719556e-05
5349.881	6.791335e-05
5352.637	6.807439e-05
5355.394	6.702875e-05
5358.15	6.745055e-05
5360.906	6.72649e-05
5363.662	6.728867e-05
5366.418	6.696243e-05
5369.175	6.691936e-05
5371.931	6.715886e-05
5374.688	6.678173e-05
5377.443	6.774221e-05
5380.2	6.791055e-05
5382.956	6.952346e-05
5385.712	6.884695e-05
5388.469	7.022268e-05
5391.225	6.983676e-05
5393.981	7.029294e-05
5396.737	7.057569e-05
5399.494	6.980375e-05
5402.25	7.062276e-05
5405.006	6.922291e-05
5407.762	6.987066e-05
5410.519	6.852549e-05
5413.275	6.890481e-05
5416.031	6.81752e-05
5418.787	6.713994e-05
5421.543	6.710403e-05
5424.3	6.58338e-05
5427.056	6.590062e-05
5429.812	6.508696e-05
5432.568	6.558694e-05
5435.325	6.454111e-05
5438.081	6.455401e-05
5440.837	6.411969e-05
5443.594	6.377581e-05
5446.35	6.579907e-05
5449.106	6.580534e-05
5451.862	6.631445e-05
5454.619	6.573718e-05
5457.375	6.992123e-05
5460.131	7.287998e-05
5462.887	7.371435e-05
5465.644	7.130787e-05
5468.4	7.257146e-05
5471.156	7.340836e-05
5473.912	7.317517e-05
5476.668	7.378379e-05
5479.425	7.260171e-05
5482.181	7.216979e-05
5484.938	7.106919e-05
5487.693	7.051594e-05
5490.45	7.003378e-05
5493.206	6.873935e-05
5495.962	6.785562e-05
5498.719	6.652042e-05
5501.475	6.711841e-05
5504.231	6.753187e-05
5506.987	6.880608e-05
5509.744	6.920747e-05
5512.5	3.460646e-05
