0	3.840535e-05
2.75625	7.851311e-05
5.5125	8.308433e-05
8.268749	7.191399e-05
11.025	7.494991e-05
13.78125	7.497002e-05
16.5375	7.370095e-05
19.29375	7.85731e-05
22.05	8.297399e-05
24.80625	7.637349e-05
27.5625	7.463948e-05
30.31875	8.173761e-05
33.075	7.941639e-05
35.83125	7.643436e-05
38.5875	8.005233e-05
41.34375	8.387366e-05
44.1	8.255147e-05
46.85625	8.546373e-05
49.6125	8.768967e-05
52.36875	8.987571e-05
55.125	8.549492e-05
57.88125	8.739511e-05
60.6375	8.668291e-05
63.39375	9.16999e-05
66.14999	9.497623e-05
68.90625	9.783334e-05
71.6625	9.084253e-05
74.41875	0.0001000806
77.175	0.000106915
79.93124	0.0001094265
82.6875	0.0001118312
85.44375	0.0001651155
88.2	0.000134138
90.95625	0.0002144723
93.71249	0.0002482365
96.46875	0.0002927897
99.225	0.0002752697
101.9812	0.0002807739
104.7375	0.0002878594
107.4937	0.0002717508
110.25	0.0003177257
113.0062	0.0004574823
115.7625	0.0005517958
118.5187	0.0004451147
121.275	0.0003657949
124.0312	0.0006311372
126.7875	0.00072197
129.5437	0.0009051647
132.3	0.0008803079
135.0562	0.0008183533
137.8125	0.001035449
140.5687	0.001050978
143.325	0.001204234
146.0812	0.001190619
148.8375	0.001827429
151.5938	0.002001218
154.35	0.002137173
157.1062	0.001608896
159.8625	0.001703446
162.6187	0.002120464
165.375	0.001890799
168.1312	0.002076641
170.8875	0.001659019
173.6437	0.002113209
176.4	0.001941697
179.1562	0.001785705
181.9125	0.002051942
184.6687	0.00249942
187.425	0.001318939
190.1812	0.001151473
192.9375	0.00102073
195.6937	0.0007484736
198.45	0.0009265923
201.2062	0.000932217
203.9625	0.001073699
206.7188	0.0009626247
209.475	0.0004841724
212.2312	0.0004781104
214.9875	0.0005490564
217.7437	0.0006797805
220.5	0.001033406
223.2562	0.001054336
226.0125	0.0006225912
228.7687	0.0002947091
231.525	0.0004331308
234.2812	0.0001838241
237.0375	0.0002030832
239.7937	0.000170921
242.55	0.0002059541
245.3062	0.0001794503
248.0625	0.0002410356
250.8187	0.0002040973
253.575	0.0001951023
256.3312	0.0001303947
259.0875	0.0001783003
261.8438	0.0001454122
264.6	0.0001557933
267.3562	0.0001885325
270.1125	0.0002585622
272.8687	0.0002427007
275.625	0.0002769572
278.3812	0.0003475617
281.1375	0.000281709
283.8937	0.0002844132
286.65	0.0002620392
289.4062	0.0002948909
292.1625	0.0002987821
294.9187	0.0002299484
297.675	0.0002247848
300.4312	0.0002236657
303.1875	0.0001808556
305.9437	0.000324161
308.7	0.0004549377
311.4562	0.0006247781
314.2125	0.0004097356
316.9688	0.0004763604
319.725	0.0006024678
322.4812	0.000536995
325.2375	0.0005259067
327.9937	0.001571461
330.75	0.001309589
333.5062	0.0008268819
336.2625	0.0005851205
339.0187	0.0006399959
341.775	0.000794626
344.5312	0.001163721
347.2875	0.0009930659
350.0437	0.0008115015
352.8	0.0005652095
355.5562	0.0005434444
358.3125	0.0006716679
361.0687	0.0005022752
363.825	0.0006133978
366.5812	0.0006904539
369.3375	0.0005026218
372.0938	0.0004543379
374.85	0.0004129175
377.6062	0.0006408065
380.3625	0.0005922699
383.1187	0.0006235604
385.875	0.001037837
388.6312	0.001352754
391.3875	0.002120063
394.1437	0.001333583
396.9	0.001414548
399.6562	0.001491656
402.4125	0.001520543
405.1687	0.001578034
407.925	0.001479016
410.6812	0.00159466
413.4375	0.001770451
416.1937	0.001853731
418.95	0.001523811
421.7062	0.001256921
424.4625	0.001508856
427.2188	0.001276202
429.975	0.001044294
432.7312	0.001053566
435.4875	0.001095218
438.2437	0.001612861
441	0.001227851
443.7562	0.0009991174
446.5125	0.0007644416
449.2687	0.0006219085
452.025	0.0004984621
454.7812	0.0004147383
457.5375	0.0004761158
460.2937	0.0003497419
463.05	0.0002471524
465.8062	0.0006100262
468.5625	0.0005018197
471.3187	0.0005155334
474.075	0.0005268375
476.8312	0.0005672537
479.5875	0.0005701366
482.3437	0.0005611178
485.1	0.0005361997
487.8562	0.0005147334
490.6125	0.0005224193
493.3687	0.0006636506
496.125	0.000606828
498.8812	0.0006810385
501.6375	0.0007759282
504.3937	0.0008189238
507.15	0.0008421459
509.9062	0.0009887192
512.6625	0.0009281971
515.4188	0.001047289
518.175	0.0009872633
520.9312	0.001168426
523.6875	0.001875681
526.4437	0.0009090839
529.2	0.0007560035
531.9562	0.0005203625
534.7125	0.0004297623
537.4688	0.000478755
540.225	0.0005465812
542.9812	0.0005943436
545.7375	0.0005920242
548.4937	0.0006189995
551.25	0.0007788089
554.0062	0.001209009
556.7625	0.001115041
559.5187	0.001232069
562.275	0.00132479
565.0312	0.001341161
567.7875	0.00151639
570.5437	0.001783405
573.3	0.001722921
576.0562	0.002015411
578.8125	0.0019687
581.5687	0.001790641
584.325	0.002079969
587.0812	0.001967451
589.8375	0.001494325
592.5938	0.001347918
595.35	0.001229661
598.1062	0.001249525
600.8625	0.001347246
603.6187	0.001257484
606.375	0.001246896
609.1312	0.001386521
611.8875	0.001617047
614.6437	0.001390793
617.4	0.001564444
620.1562	0.001601962
622.9125	0.001544598
625.6687	0.001226657
628.425	0.001110117
631.1812	0.0009108624
633.9375	0.0007523891
636.6937	0.0006843444
639.45	0.0008652257
642.2062	0.0009762096
644.9625	0.001179505
647.7188	0.001750007
650.475	0.001762618
653.2312	0.001943991
655.9875	0.001930135
658.7437	0.002602105
661.5	0.002501372
664.2562	0.002126042
667.0125	0.001945012
669.7687	0.001890461
672.525	0.001925631
675.2812	0.002467728
678.0375	0.003276882
680.7937	0.004094752
683.55	0.004892559
686.3062	0.005603768
689.0625	0.006919436
691.8187	0.007907074
694.575	0.0124639
697.3312	0.03172511
700.0875	0.04265073
702.8438	0.01651277
705.6	0.0101971
708.3562	0.008520728
711.1125	0.006475636
713.8687	0.006106611
716.625	0.005386203
719.3812	0.004775711
722.1375	0.004282144
724.8937	0.003684181
727.65	0.003347526
730.4062	0.002961337
733.1625	0.002747262
735.9187	0.002949141
738.675	0.002586812
741.4312	0.002274482
744.1875	0.002160373
746.9437	0.001921944
749.7	0.001619726
752.4562	0.001348526
755.2125	0.001180688
757.9688	0.001077557
760.725	0.0009473934
763.4812	0.00085407
766.2375	0.001062581
768.9937	0.001084045
771.75	0.001298585
774.5062	0.001194822
777.2625	0.001124591
780.0187	0.001189949
782.775	0.001010919
785.5312	0.00108309
788.2875	0.001107126
791.0437	0.0008324403
793.8	0.0007781637
796.5562	0.0008776296
799.3125	0.0007880114
802.0687	0.0007715843
804.825	0.0008098737
807.5812	0.0008328732
810.3375	0.000722613
813.0938	0.0006280566
815.85	0.0005343027
818.6062	0.0005080139
821.3625	0.0004773795
824.1187	0.0005413505
826.875	0.0005145452
829.6312	0.000600526
832.3875	0.0006621582
835.1437	0.0005711348
837.9	0.0007156478
840.6562	0.0008429862
843.4125	0.0008774257
846.1687	0.001041439
848.925	0.001179636
851.6812	0.001248556
854.4375	0.001475995
857.1937	0.001641569
859.95	0.001653175
862.7062	0.001754388
865.4625	0.001783127
868.2188	0.0015935
870.975	0.001612388
873.7312	0.001696729
876.4875	0.002086897
879.2437	0.002716518
882	0.008244417
884.7562	0.01113907
887.5125	0.004837241
890.2687	0.003524405
893.025	0.002929537
895.7812	0.002830092
898.5375	0.002418594
901.2937	0.002131892
904.05	0.002094261
906.8062	0.001809229
909.5624	0.001287171
912.3187	0.001116573
915.075	0.0008464768
917.8312	0.0006871086
920.5875	0.0007182779
923.3437	0.0008608676
926.1	0.0009213543
928.8562	0.0009856285
931.6125	0.001025709
934.3687	0.001070164
937.1249	0.001123553
939.8812	0.001169114
942.6375	0.001086723
945.3937	0.001000133
948.15	0.0009682328
950.9062	0.0009192032
953.6625	0.0009374027
956.4187	0.0008200077
959.175	0.0008504629
961.9312	0.0007574645
964.6874	0.0007150944
967.4437	0.0007266797
970.2	0.0007357451
972.9562	0.0007467372
975.7125	0.0007879094
978.4687	0.0009446438
981.225	0.001025097
983.9812	0.001121812
986.7375	0.001185969
989.4937	0.001239611
992.2499	0.001062365
995.0062	0.001040713
997.7625	0.0009413626
1000.519	0.0007157681
1003.275	0.0006522624
1006.031	0.0006908569
1008.787	0.0007979093
1011.544	0.0008144985
1014.3	0.0007823221
1017.056	0.0008237946
1019.812	0.0008065919
1022.569	0.0009106711
1025.325	0.001232085
1028.081	0.001621345
1030.838	0.002080067
1033.594	0.002701412
1036.35	0.003324505
1039.106	0.003919611
1041.862	0.00507799
1044.619	0.007485308
1047.375	0.01485576
1050.131	0.01776603
1052.887	0.006615496
1055.644	0.005140064
1058.4	0.003814402
1061.156	0.002997426
1063.912	0.002379658
1066.669	0.002221876
1069.425	0.002197459
1072.181	0.002111049
1074.938	0.001963702
1077.694	0.001890433
1080.45	0.001825472
1083.206	0.001747564
1085.962	0.001754683
1088.719	0.001533644
1091.475	0.001435027
1094.231	0.001273348
1096.987	0.0009595143
1099.744	0.0008041572
1102.5	0.0006726445
1105.256	0.0006954212
1108.012	0.0007949106
1110.769	0.0009440657
1113.525	0.0009954507
1116.281	0.0009605527
1119.037	0.0008646873
1121.794	0.0008279522
1124.55	0.0007106228
1127.306	0.0006415662
1130.062	0.0005210835
1132.819	0.0003734511
1135.575	0.0004561689
1138.331	0.0005372773
1141.087	0.0005501478
1143.844	0.0006063546
1146.6	0.0005839008
1149.356	0.0005772382
1152.112	0.0005266096
1154.869	0.0004473889
1157.625	0.0004024183
1160.381	0.0003830422
1163.137	0.0003867167
1165.894	0.0004076638
1168.65	0.0004093928
1171.406	0.0004748056
1174.162	0.0004501765
1176.919	0.000396789
1179.675	0.0004067153
1182.431	0.0003547856
1185.188	0.0002929483
1187.944	0.0003166025
1190.7	0.0003689206
1193.456	0.0004164081
1196.212	0.0004564659
1198.969	0.0004736108
1201.725	0.0005212523
1204.481	0.0005184599
1207.237	0.0004853191
1209.994	0.0004483511
1212.75	0.0004286167
1215.506	0.0003875666
1218.262	0.0003134026
1221.019	0.0002714175
1223.775	0.0002636565
1226.531	0.0002667207
1229.287	0.0002953673
1232.044	0.0003066863
1234.8	0.0003289836
1237.556	0.000296563
1240.312	0.0003022684
1243.069	0.0002920349
1245.825	0.0002925209
1248.581	0.0002775574
1251.337	0.0003208681
1254.094	0.0003762794
1256.85	0.000363658
1259.606	0.0003858449
1262.362	0.0003697749
1265.119	0.0003770884
1267.875	0.000360382
1270.631	0.0003023243
1273.387	0.0002884869
1276.144	0.0002125281
1278.9	0.0002223005
1281.656	0.0002785194
1284.412	0.0003268369
1287.169	0.000395842
1289.925	0.0004270391
1292.681	0.0004610688
1295.438	0.0004661052
1298.194	0.0004412409
1300.95	0.0004148815
1303.706	0.000399156
1306.462	0.0003815511
1309.219	0.0003468136
1311.975	0.0003138969
1314.731	0.0002703872
1317.487	0.0002600168
1320.244	0.0002718524
1323	0.0002802779
1325.756	0.0003134086
1328.512	0.0003398483
1331.269	0.0003532755
1334.025	0.000351523
1336.781	0.0003535236
1339.537	0.0003701315
1342.294	0.0003717618
1345.05	0.000361166
1347.806	0.0003622495
1350.562	0.0003384243
1353.319	0.000338809
1356.075	0.0003300501
1358.831	0.0003156939
1361.587	0.0002837958
1364.344	0.0003072697
1367.1	0.0003723537
1369.856	0.000431488
1372.612	0.0004985036
1375.369	0.0006048698
1378.125	0.00069454
1380.881	0.0007882516
1383.637	0.0008687836
1386.394	0.0009686566
1389.15	0.001126275
1391.906	0.00123031
1394.662	0.00161681
1397.419	0.00245404
1400.175	0.005189627
1402.931	0.007373311
1405.688	0.002175016
1408.444	0.001577565
1411.2	0.001518652
1413.956	0.001247923
1416.712	0.001007175
1419.469	0.000791878
1422.225	0.0006314979
1424.981	0.0005136822
1427.737	0.0004914611
1430.494	0.0004115066
1433.25	0.0004315233
1436.006	0.0004775051
1438.762	0.0004914842
1441.519	0.000540633
1444.275	0.0005602881
1447.031	0.0005368274
1449.787	0.0005209094
1452.544	0.0004842034
1455.3	0.0004691174
1458.056	0.0004401017
1460.812	0.0003789655
1463.569	0.0003506126
1466.325	0.0003352588
1469.081	0.0003804493
1471.837	0.0003909401
1474.594	0.0003962136
1477.35	0.0003999652
1480.106	0.0003860295
1482.862	0.0003829841
1485.619	0.0003738492
1488.375	0.0003239309
1491.131	0.0003036496
1493.887	0.0002837488
1496.644	0.0003192287
1499.4	0.0003127894
1502.156	0.0003154443
1504.912	0.0003149738
1507.669	0.0002965282
1510.425	0.0003019606
1513.181	0.0002875303
1515.938	0.0002658604
1518.694	0.0002527787
1521.45	0.0002420911
1524.206	0.0002062977
1526.962	0.0002184386
1529.719	0.0002080188
1532.475	0.0002060931
1535.231	0.0002195716
1537.987	0.0002255994
1540.744	0.0002292394
1543.5	0.0002259552
1546.256	0.0002243897
1549.012	0.0001985092
1551.769	0.0001823321
1554.525	0.0001646076
1557.281	0.0001389201
1560.037	0.000137509
1562.794	0.0001175764
1565.55	0.0001189537
1568.306	9.226044e-05
1571.062	0.0001478876
1573.819	0.0002727749
1576.575	0.0002399619
1579.331	0.0001981615
1582.087	0.0002223827
1584.844	0.0002411535
1587.6	0.0002424271
1590.356	0.0002614041
1593.112	0.0002587229
1595.869	0.0002606371
1598.625	0.0002700546
1601.381	0.0002618083
1604.137	0.0002704565
1606.894	0.0002869348
1609.65	0.0003299049
1612.406	0.0003205244
1615.162	0.0003474345
1617.919	0.0003448665
1620.675	0.0003698939
1623.431	0.0003819712
1626.188	0.0003870152
1628.944	0.0003946713
1631.7	0.0003668811
1634.456	0.0003443082
1637.212	0.0003260251
1639.969	0.0003041801
1642.725	0.0002674398
1645.481	0.0002689868
1648.237	0.0002522151
1650.994	0.0002278305
1653.75	0.0002273974
1656.506	0.0002428581
1659.262	0.0002401406
1662.019	0.0002393533
1664.775	0.0002177956
1667.531	0.0002108739
1670.287	0.0001998166
1673.044	0.0001533987
1675.8	0.0001570622
1678.556	0.000152494
1681.312	0.0001697821
1684.069	0.0001778385
1686.825	0.000180183
1689.581	0.0001870949
1692.337	0.0001847371
1695.094	0.0001691021
1697.85	0.0001416614
1700.606	0.000112349
1703.362	9.108482e-05
1706.119	0.0001324065
1708.875	0.0001659926
1711.631	0.000190607
1714.387	0.0002124802
1717.144	0.0001955792
1719.9	0.0001916694
1722.656	0.0001728129
1725.412	0.000169084
1728.169	0.000179705
1730.925	0.000254493
1733.681	0.000329283
1736.438	0.0003802012
1739.194	0.0004532502
1741.95	0.0005148343
1744.706	0.0005132614
1747.462	0.0004749035
1750.219	0.0005499336
1752.975	0.0005411781
1755.731	0.0005373292
1758.487	0.0005753124
1761.244	0.0006833621
1764	0.0006613316
1766.756	0.0008407813
1769.512	0.001623736
1772.269	0.0008571573
1775.025	0.0004472604
1777.781	0.0004868349
1780.537	0.000655305
1783.294	0.0005388731
1786.05	0.0004107975
1788.806	0.000393028
1791.562	0.0003826547
1794.319	0.0002827825
1797.075	0.0002709383
1799.831	0.0002483504
1802.587	0.0002375042
1805.344	0.0002135622
1808.1	0.0003018419
1810.856	0.000304151
1813.612	0.0002346156
1816.369	0.0002344834
1819.125	0.0002211943
1821.881	0.0001945597
1824.637	0.000157817
1827.394	9.863228e-05
1830.15	7.537827e-05
1832.906	0.0001293968
1835.662	0.0001553315
1838.419	0.0001753941
1841.175	0.0002062091
1843.931	0.0002120933
1846.687	0.0002125166
1849.444	0.0002158707
1852.2	0.0001855192
1854.956	0.0001616813
1857.712	0.0001339006
1860.469	0.0001091573
1863.225	9.261885e-05
1865.981	9.607871e-05
1868.737	0.0001323827
1871.494	0.0001602304
1874.25	0.0001833883
1877.006	0.00017328
1879.762	0.0001965237
1882.519	0.0001827584
1885.275	0.000182701
1888.031	0.0001914347
1890.787	0.0001731479
1893.544	0.000190911
1896.3	0.000181792
1899.056	0.0001929065
1901.812	0.000208524
1904.569	0.0001965881
1907.325	0.0001687499
1910.081	0.0001804834
1912.837	0.0001984483
1915.594	0.0002247963
1918.35	0.0002444091
1921.106	0.0002461447
1923.862	0.0002476177
1926.619	0.0002281409
1929.375	0.0002306765
1932.131	0.0002218511
1934.887	0.0002191265
1937.644	0.000200009
1940.4	0.0001901231
1943.156	0.0001553668
1945.912	0.0001454428
1948.669	0.0001334963
1951.425	0.0001329779
1954.181	0.0001677768
1956.937	0.0001579961
1959.694	0.0001639516
1962.45	0.0001749704
1965.206	0.0001779576
1967.962	0.0001649335
1970.719	0.0001487156
1973.475	0.0001273
1976.231	0.0001179062
1978.987	7.755691e-05
1981.744	8.778087e-05
1984.5	7.170754e-05
1987.256	9.039353e-05
1990.012	9.199129e-05
1992.769	0.0002038418
1995.525	0.0001231873
1998.281	0.0001174312
2001.037	0.0001388562
2003.794	0.0001389029
2006.55	0.0001440744
2009.306	0.0001727429
2012.062	0.0001854024
2014.819	0.000205261
2017.575	0.000205142
2020.331	0.0002260463
2023.087	0.0002102
2025.844	0.0002177868
2028.6	0.0001937696
2031.356	0.0001479016
2034.112	0.0001365058
2036.869	0.0001767965
2039.625	0.0002058421
2042.381	0.0002425276
2045.137	0.0002875958
2047.894	0.000296878
2050.65	0.0003315948
2053.406	0.0003579967
2056.162	0.0003820709
2058.919	0.0003630306
2061.675	0.0003470047
2064.431	0.0003405827
2067.188	0.0003853764
2069.944	0.0003846019
2072.7	0.0004108249
2075.456	0.0004463433
2078.212	0.0004923647
2080.969	0.0004698169
2083.725	0.0006209409
2086.481	0.0005862623
2089.238	0.0005703078
2091.994	0.0007030122
2094.75	0.0006428067
2097.506	0.0007585534
2100.262	0.0007862838
2103.019	0.0009189566
2105.775	0.001335294
2108.531	0.001549346
2111.287	0.001868773
2114.044	0.001189759
2116.8	0.001074561
2119.556	0.0008610273
2122.312	0.0006686968
2125.069	0.0006022486
2127.825	0.0005616209
2130.581	0.0006171025
2133.337	0.0005051379
2136.094	0.0004564679
2138.85	0.0004081762
2141.606	0.0003757884
2144.362	0.0003457917
2147.119	0.0002887271
2149.875	0.0002690091
2152.631	0.0002352623
2155.387	0.0002100957
2158.144	0.0001930156
2160.9	0.0001674408
2163.656	0.000140893
2166.412	0.0001064861
2169.169	8.620958e-05
2171.925	9.483293e-05
2174.681	0.0001165543
2177.438	0.000110697
2180.194	0.0001248976
2182.95	0.0001180702
2185.706	0.0001283969
2188.462	0.0001257118
2191.219	0.0001236196
2193.975	0.0001090835
2196.731	9.802157e-05
2199.487	9.033145e-05
2202.244	8.2117e-05
2205	8.680285e-05
2207.756	0.0001002944
2210.512	8.472111e-05
2213.269	7.506662e-05
2216.025	6.057048e-05
2218.781	5.503727e-05
2221.537	5.803858e-05
2224.294	5.845286e-05
2227.05	5.235621e-05
2229.806	7.035388e-05
2232.562	7.424223e-05
2235.319	6.354349e-05
2238.075	5.035397e-05
2240.831	5.330252e-05
2243.587	6.648518e-05
2246.344	8.147166e-05
2249.1	7.294874e-05
2251.856	7.920238e-05
2254.612	9.407993e-05
2257.369	8.401433e-05
2260.125	9.043491e-05
2262.881	8.190807e-05
2265.637	8.299873e-05
2268.394	7.38407e-05
2271.15	5.714964e-05
2273.906	7.02104e-05
2276.662	7.607329e-05
2279.419	9.909274e-05
2282.175	0.0001128716
2284.931	0.0001288521
2287.688	0.0001433085
2290.444	0.0001464071
2293.2	0.0001482971
2295.956	0.000152979
2298.712	0.000140472
2301.469	0.0001396931
2304.225	0.0001139546
2306.981	0.0001009935
2309.737	0.0001041303
2312.494	7.668708e-05
2315.25	7.384058e-05
2318.006	7.927032e-05
2320.762	8.255426e-05
2323.519	9.223419e-05
2326.275	8.990904e-05
2329.031	9.20208e-05
2331.787	8.989518e-05
2334.544	8.816248e-05
2337.3	8.426468e-05
2340.056	6.917639e-05
2342.812	5.127115e-05
2345.569	5.199391e-05
2348.325	6.718085e-05
2351.081	8.216052e-05
2353.837	0.000107892
2356.594	0.0001186824
2359.35	0.0001242651
2362.106	0.0001234714
2364.862	0.0001109362
2367.619	0.0001170308
2370.375	0.0001114336
2373.131	0.0001273867
2375.887	0.0001025551
2378.644	0.0001005573
2381.4	8.754062e-05
2384.156	8.736106e-05
2386.912	9.501296e-05
2389.669	0.0001027832
2392.425	9.135393e-05
2395.181	9.243316e-05
2397.938	9.192761e-05
2400.694	7.587717e-05
2403.45	7.328034e-05
2406.206	6.633237e-05
2408.962	5.959972e-05
2411.719	7.014191e-05
2414.475	7.739544e-05
2417.231	8.24754e-05
2419.987	8.929408e-05
2422.744	9.483032e-05
2425.5	8.757975e-05
2428.256	8.83488e-05
2431.012	7.750079e-05
2433.769	7.619477e-05
2436.525	7.770958e-05
2439.281	7.04548e-05
2442.037	4.911616e-05
2444.794	6.867299e-05
2447.55	9.026362e-05
2450.306	7.170385e-05
2453.062	7.17536e-05
2455.819	8.497116e-05
2458.575	7.941097e-05
2461.331	7.40224e-05
2464.087	8.095091e-05
2466.844	7.888619e-05
2469.6	8.208019e-05
2472.356	7.42482e-05
2475.112	7.205527e-05
2477.869	7.394428e-05
2480.625	7.990539e-05
2483.381	7.622204e-05
2486.137	5.416096e-05
2488.894	6.257884e-05
2491.65	6.180014e-05
2494.406	5.973961e-05
2497.162	7.75004e-05
2499.919	8.328119e-05
2502.675	0.0001020817
2505.431	0.0001225803
2508.188	0.0001441582
2510.944	0.0001510147
2513.7	0.0001605446
2516.456	0.0001624032
2519.212	0.0001612906
2521.969	0.0001473465
2524.725	0.0001544476
2527.481	0.0001298004
2530.237	0.0001150883
2532.994	9.8974e-05
2535.75	0.0001147334
2538.506	0.0001343722
2541.262	0.0001382892
2544.019	0.0001436062
2546.775	0.0001672547
2549.531	0.0001616428
2552.287	0.0001622879
2555.044	0.000151686
2557.8	0.0001487152
2560.556	0.0001359953
2563.312	0.0001243576
2566.069	0.0001207418
2568.825	0.0001034405
2571.581	9.717188e-05
2574.337	9.34072e-05
2577.094	0.0001061066
2579.85	0.0001290586
2582.606	0.000125192
2585.362	0.0001321032
2588.119	0.0001438552
2590.875	0.0001418313
2593.631	0.0001219346
2596.387	0.0001529464
2599.144	0.0001473838
2601.9	0.0001440203
2604.656	0.0001874805
2607.412	0.00015006
2610.169	0.0001536823
2612.925	0.0001512678
2615.681	0.0001559039
2618.438	0.000158327
2621.194	0.0001725897
2623.95	0.0001868866
2626.706	0.0001849127
2629.462	0.0002012591
2632.219	0.0002326902
2634.975	0.0002322014
2637.731	0.0002387897
2640.487	0.0002668778
2643.244	0.0003152294
2646	0.0003659016
2648.756	0.000305588
2651.512	0.0003784252
2654.269	0.0004427634
2657.025	0.0005395063
2659.781	0.0005895143
2662.537	0.001040573
2665.294	0.001389562
2668.05	0.000907486
2670.806	0.0006194452
2673.562	0.0004932162
2676.319	0.0004522753
2679.075	0.0003311959
2681.831	0.000284513
2684.587	0.0002760931
2687.344	0.0002370815
2690.1	0.0002257635
2692.856	0.0002822586
2695.612	0.0002896219
2698.369	0.0002695021
2701.125	0.000278108
2703.881	0.0002799953
2706.637	0.0002508928
2709.394	0.000277219
2712.15	0.0002522676
2714.906	0.000291085
2717.662	0.0002711676
2720.419	0.0002728997
2723.175	0.0002328583
2725.931	0.0002211496
2728.688	0.0002213913
2731.444	0.000230894
2734.2	0.0002474053
2736.956	0.0002432619
2739.712	0.0002411223
2742.469	0.0002251084
2745.225	0.0001932971
2747.981	0.0001765318
2750.737	0.0001687164
2753.494	0.0001468017
2756.25	0.0001213068
2759.006	0.0001520849
2761.762	0.0001464467
2764.519	0.0001688903
2767.275	0.000164373
2770.031	0.0001484035
2772.787	0.0001391924
2775.544	0.0001219802
2778.3	0.0001146332
2781.056	0.0001040052
2783.812	0.0001103888
2786.569	0.0001376597
2789.325	0.0001526719
2792.081	0.0001489048
2794.837	0.0001327023
2797.594	0.0001268953
2800.35	0.000132811
2803.106	0.0001236093
2805.862	0.0001066488
2808.619	0.0001333826
2811.375	0.0002415864
2814.131	0.00025608
2816.887	0.0002341113
2819.644	0.000321322
2822.4	0.0004392783
2825.156	0.0009125047
2827.912	0.00139356
2830.669	0.0009553148
2833.425	0.0006434699
2836.181	0.0004198601
2838.938	0.00040746
2841.694	0.0003958778
2844.45	0.0003596879
2847.206	0.0003038684
2849.962	0.0002094684
2852.719	0.0001574581
2855.475	0.0001392082
2858.231	0.0001331636
2860.987	0.0001248037
2863.744	0.0001185362
2866.5	0.0001044468
2869.256	0.0001033444
2872.012	0.0001053124
2874.769	9.160108e-05
2877.525	8.535002e-05
2880.281	7.077829e-05
2883.037	7.124431e-05
2885.794	7.531729e-05
2888.55	8.420198e-05
2891.306	9.741133e-05
2894.062	9.897912e-05
2896.819	0.0001015195
2899.575	9.017812e-05
2902.331	8.345473e-05
2905.087	7.112329e-05
2907.844	6.548765e-05
2910.6	5.289826e-05
2913.356	4.808191e-05
2916.112	5.192968e-05
2918.869	6.061503e-05
2921.625	6.245451e-05
2924.381	6.944841e-05
2927.137	7.140422e-05
2929.894	7.49716e-05
2932.65	7.692521e-05
2935.406	7.450402e-05
2938.162	7.068356e-05
2940.919	5.68363e-05
2943.675	5.114276e-05
2946.431	4.451269e-05
2949.188	3.41419e-05
2951.944	3.505178e-05
2954.7	4.186756e-05
2957.456	4.429642e-05
2960.212	5.088713e-05
2962.969	5.391141e-05
2965.725	5.37859e-05
2968.481	5.310178e-05
2971.237	4.830461e-05
2973.994	4.930249e-05
2976.75	4.942966e-05
2979.506	4.804726e-05
2982.262	4.743995e-05
2985.019	4.339432e-05
2987.775	5.063032e-05
2990.531	4.609372e-05
2993.287	4.13203e-05
2996.044	3.838727e-05
2998.8	4.360345e-05
3001.556	4.758854e-05
3004.312	4.802525e-05
3007.069	4.717273e-05
3009.825	4.581709e-05
3012.581	4.400633e-05
3015.337	5.09671e-05
3018.094	5.373693e-05
3020.85	4.8875e-05
3023.606	4.884582e-05
3026.362	4.851691e-05
3029.119	4.986284e-05
3031.875	4.787213e-05
3034.631	4.779884e-05
3037.387	4.57646e-05
3040.144	4.219335e-05
3042.9	4.168686e-05
3045.656	3.600607e-05
3048.412	3.75595e-05
3051.169	3.571431e-05
3053.925	4.070441e-05
3056.681	4.640884e-05
3059.438	4.690093e-05
3062.194	4.625044e-05
3064.95	5.027829e-05
3067.706	5.325615e-05
3070.462	5.192153e-05
3073.219	5.661516e-05
3075.975	5.885651e-05
3078.731	5.785757e-05
3081.487	5.928883e-05
3084.244	5.809483e-05
3087	5.540385e-05
3089.756	5.237745e-05
3092.512	4.527799e-05
3095.269	3.927219e-05
3098.025	4.164402e-05
3100.781	5.459665e-05
3103.537	7.021082e-05
3106.294	7.773387e-05
3109.05	8.837484e-05
3111.806	9.619436e-05
3114.562	9.979707e-05
3117.319	0.0001002083
3120.075	9.534995e-05
3122.831	8.730072e-05
3125.587	7.717275e-05
3128.344	7.340105e-05
3131.1	6.776606e-05
3133.856	7.646098e-05
3136.612	8.507074e-05
3139.369	0.0001063808
3142.125	0.0001296242
3144.881	0.0001401157
3147.637	0.000144369
3150.394	0.0001664968
3153.15	0.0001586844
3155.906	0.0001535716
3158.662	0.0001294477
3161.419	0.0001558633
3164.175	0.0001832267
3166.931	0.0001985125
3169.688	0.000244471
3172.444	0.0002809515
3175.2	0.0003157513
3177.956	0.0004282173
3180.712	0.0003328261
3183.469	0.0005528342
3186.225	0.0005134485
3188.981	0.0004809453
3191.737	0.0003827847
3194.494	0.00032674
3197.25	0.0002809826
3200.006	0.0002460008
3202.762	0.000202062
3205.519	0.0001758767
3208.275	0.0001143538
3211.031	7.802503e-05
3213.787	6.740048e-05
3216.544	8.481398e-05
3219.3	9.568514e-05
3222.056	9.374244e-05
3224.812	0.0001145306
3227.569	0.000108368
3230.325	9.78071e-05
3233.081	8.262023e-05
3235.837	7.606314e-05
3238.594	7.261748e-05
3241.35	7.858178e-05
3244.106	8.476701e-05
3246.862	9.32538e-05
3249.619	0.0001001679
3252.375	0.0001029213
3255.131	0.000101312
3257.887	9.546703e-05
3260.644	9.181613e-05
3263.4	8.258825e-05
3266.156	6.57557e-05
3268.912	5.456981e-05
3271.669	5.271733e-05
3274.425	4.427256e-05
3277.181	4.96779e-05
3279.938	5.381515e-05
3282.694	5.357495e-05
3285.45	5.522692e-05
3288.206	5.33295e-05
3290.962	4.914944e-05
3293.719	4.335428e-05
3296.475	4.50765e-05
3299.231	5.080748e-05
3301.987	5.999167e-05
3304.744	6.071217e-05
3307.5	7.314771e-05
3310.256	7.455242e-05
3313.012	7.612862e-05
3315.769	7.691966e-05
3318.525	6.660228e-05
3321.281	6.241987e-05
3324.037	5.469787e-05
3326.794	5.139013e-05
3329.55	5.457681e-05
3332.306	5.872998e-05
3335.062	6.409605e-05
3337.819	7.129969e-05
3340.575	7.704135e-05
3343.331	7.899307e-05
3346.087	7.949404e-05
3348.844	7.51334e-05
3351.6	6.924787e-05
3354.356	6.497106e-05
3357.112	5.409645e-05
3359.869	3.507668e-05
3362.625	3.916305e-05
3365.381	4.664409e-05
3368.137	5.406102e-05
3370.894	6.247061e-05
3373.65	6.660083e-05
3376.406	6.877625e-05
3379.162	6.162423e-05
3381.919	5.329083e-05
3384.675	4.663227e-05
3387.431	4.057031e-05
3390.188	2.994384e-05
3392.944	2.364008e-05
3395.7	4.154395e-05
3398.456	5.427507e-05
3401.212	5.667724e-05
3403.969	5.772513e-05
3406.725	5.965239e-05
3409.481	5.641753e-05
3412.237	5.68296e-05
3414.994	5.259263e-05
3417.75	4.351914e-05
3420.506	3.633853e-05
3423.262	2.731132e-05
3426.019	2.945687e-05
3428.775	5.002747e-05
3431.531	5.736524e-05
3434.287	6.266233e-05
3437.044	6.241529e-05
3439.8	6.219429e-05
3442.556	5.882661e-05
3445.312	5.58862e-05
3448.069	4.808529e-05
3450.825	3.940138e-05
3453.581	3.582926e-05
3456.337	2.753714e-05
3459.094	2.623683e-05
3461.85	3.370492e-05
3464.606	3.789678e-05
3467.362	4.213837e-05
3470.119	4.433391e-05
3472.875	4.654766e-05
3475.631	4.536537e-05
3478.387	4.233654e-05
3481.144	3.748648e-05
3483.9	3.36712e-05
3486.656	2.648847e-05
3489.412	3.16776e-05
3492.169	3.882629e-05
3494.925	4.696017e-05
3497.681	5.142746e-05
3500.438	4.418364e-05
3503.194	4.920335e-05
3505.95	4.624584e-05
3508.706	5.116969e-05
3511.462	5.266479e-05
3514.219	4.09532e-05
3516.975	2.599715e-05
3519.731	3.591414e-05
3522.487	5.539261e-05
3525.244	5.714162e-05
3528	7.899889e-05
3530.756	9.215607e-05
3533.512	0.000118849
3536.269	0.0001390547
3539.025	0.000167548
3541.781	0.0001829218
3544.537	0.0002105521
3547.294	0.0002391751
3550.05	0.0003247797
3552.806	0.0004311913
3555.562	0.0006065079
3558.319	0.0007207347
3561.075	0.0005533597
3563.831	0.0004543853
3566.587	0.0004325325
3569.344	0.0003869739
3572.1	0.0003508227
3574.856	0.0004994393
3577.612	0.0008232222
3580.369	0.0005904638
3583.125	0.0003874556
3585.881	0.000291271
3588.637	0.0002133996
3591.394	0.0001916762
3594.15	0.0001412974
3596.906	0.0001220095
3599.662	9.562261e-05
3602.419	7.739386e-05
3605.175	8.824447e-05
3607.931	8.284783e-05
3610.687	7.084769e-05
3613.444	7.190646e-05
3616.2	8.164023e-05
3618.956	9.222688e-05
3621.712	9.346219e-05
3624.469	9.574161e-05
3627.225	9.882147e-05
3629.981	0.0001064728
3632.737	0.0001035856
3635.494	0.0001003626
3638.25	8.924163e-05
3641.006	7.534e-05
3643.762	5.372373e-05
3646.519	4.823362e-05
3649.275	4.073708e-05
3652.031	5.767347e-05
3654.787	7.099511e-05
3657.544	7.379568e-05
3660.3	7.86001e-05
3663.056	7.132735e-05
3665.812	6.744279e-05
3668.569	6.024458e-05
3671.325	5.923912e-05
3674.081	4.950006e-05
3676.837	4.311593e-05
3679.594	5.098786e-05
3682.35	6.006449e-05
3685.106	7.283232e-05
3687.862	7.757831e-05
3690.619	7.79351e-05
3693.375	7.586161e-05
3696.131	6.559543e-05
3698.887	5.375548e-05
3701.644	5.054366e-05
3704.4	3.67856e-05
3707.156	2.841072e-05
3709.912	4.666197e-05
3712.669	6.237016e-05
3715.425	7.954729e-05
3718.181	9.023753e-05
3720.937	9.212434e-05
3723.694	9.654641e-05
3726.45	9.919164e-05
3729.206	8.262503e-05
3731.962	7.345986e-05
3734.719	7.723187e-05
3737.475	6.816531e-05
3740.231	5.815979e-05
3742.987	5.94646e-05
3745.744	5.518009e-05
3748.5	5.833264e-05
3751.256	5.782045e-05
3754.012	6.262397e-05
3756.769	6.365762e-05
3759.525	6.137497e-05
3762.281	5.427732e-05
3765.037	4.462311e-05
3767.794	3.248807e-05
3770.55	2.977761e-05
3773.306	3.263744e-05
3776.062	4.228416e-05
3778.819	4.258059e-05
3781.575	3.555273e-05
3784.331	2.959677e-05
3787.087	3.101043e-05
3789.844	3.298662e-05
3792.6	3.75754e-05
3795.356	4.210485e-05
3798.112	4.275289e-05
3800.869	4.457967e-05
3803.625	4.518095e-05
3806.381	4.048139e-05
3809.137	3.920356e-05
3811.894	4.07798e-05
3814.65	3.76769e-05
3817.406	3.606681e-05
3820.162	3.172844e-05
3822.919	2.810095e-05
3825.675	3.310011e-05
3828.431	3.683061e-05
3831.187	4.046142e-05
3833.944	4.478637e-05
3836.7	4.631196e-05
3839.456	4.632839e-05
3842.212	4.614039e-05
3844.969	4.426225e-05
3847.725	4.312682e-05
3850.481	3.822581e-05
3853.237	3.558211e-05
3855.994	3.12667e-05
3858.75	3.401047e-05
3861.506	4.15278e-05
3864.262	4.530798e-05
3867.019	4.852579e-05
3869.775	5.121772e-05
3872.531	5.347572e-05
3875.287	5.312613e-05
3878.044	5.322004e-05
3880.8	5.085739e-05
3883.556	4.054127e-05
3886.312	3.627982e-05
3889.069	3.454461e-05
3891.825	3.162923e-05
3894.581	2.841625e-05
3897.337	2.582167e-05
3900.094	2.275448e-05
3902.85	2.197369e-05
3905.606	2.40977e-05
3908.362	2.595696e-05
3911.119	2.894319e-05
3913.875	3.140419e-05
3916.631	3.455616e-05
3919.387	3.852578e-05
3922.144	4.253996e-05
3924.9	4.882795e-05
3927.656	5.314868e-05
3930.412	5.442194e-05
3933.169	5.579451e-05
3935.925	5.829438e-05
3938.681	5.729633e-05
3941.437	5.604444e-05
3944.194	5.574429e-05
3946.95	5.124435e-05
3949.706	4.828559e-05
3952.462	4.274687e-05
3955.219	3.960537e-05
3957.975	3.948965e-05
3960.731	4.157715e-05
3963.487	4.207017e-05
3966.244	4.350417e-05
3969	4.536324e-05
3971.756	4.568577e-05
3974.512	4.489795e-05
3977.269	4.917743e-05
3980.025	5.05008e-05
3982.781	5.473326e-05
3985.537	5.461273e-05
3988.294	6.182966e-05
3991.05	6.368991e-05
3993.806	6.31218e-05
3996.562	6.386171e-05
3999.319	6.067752e-05
4002.075	5.466701e-05
4004.831	4.444549e-05
4007.587	4.004914e-05
4010.344	3.957318e-05
4013.1	3.460062e-05
4015.856	3.912503e-05
4018.612	3.621819e-05
4021.369	3.29157e-05
4024.125	2.995347e-05
4026.881	2.878904e-05
4029.637	3.00282e-05
4032.394	2.668672e-05
4035.15	3.177075e-05
4037.906	3.669571e-05
4040.662	4.129644e-05
4043.419	4.237538e-05
4046.175	4.627716e-05
4048.931	4.637411e-05
4051.687	4.50672e-05
4054.444	4.355108e-05
4057.2	4.243082e-05
4059.956	3.832595e-05
4062.712	3.289162e-05
4065.469	2.922475e-05
4068.225	2.504604e-05
4070.981	2.711097e-05
4073.737	3.105217e-05
4076.494	3.156014e-05
4079.25	3.090584e-05
4082.006	2.94441e-05
4084.762	2.690125e-05
4087.519	2.538888e-05
4090.275	2.460403e-05
4093.031	2.456856e-05
4095.787	2.492375e-05
4098.543	2.728043e-05
4101.3	2.900317e-05
4104.056	3.222913e-05
4106.812	3.310817e-05
4109.569	2.860483e-05
4112.325	2.6771e-05
4115.081	2.56991e-05
4117.837	2.552238e-05
4120.594	3.308768e-05
4123.35	3.640069e-05
4126.106	4.003157e-05
4128.862	4.726243e-05
4131.619	4.867386e-05
4134.375	5.062171e-05
4137.131	5.033047e-05
4139.887	5.461075e-05
4142.644	5.278533e-05
4145.4	4.830555e-05
4148.156	4.781274e-05
4150.913	4.480827e-05
4153.668	3.832667e-05
4156.425	3.449082e-05
4159.181	3.235485e-05
4161.938	2.71576e-05
4164.694	2.568078e-05
4167.45	2.447127e-05
4170.206	2.020882e-05
4172.962	1.946964e-05
4175.719	2.359773e-05
4178.475	2.650978e-05
4181.231	3.138092e-05
4183.987	3.653788e-05
4186.744	3.661573e-05
4189.5	3.69812e-05
4192.256	3.195954e-05
4195.012	3.129417e-05
4197.769	3.22867e-05
4200.525	2.651926e-05
4203.281	2.983272e-05
4206.038	4.368855e-05
4208.793	5.068107e-05
4211.55	5.40638e-05
4214.306	4.513193e-05
4217.062	4.8559e-05
4219.819	4.79889e-05
4222.575	0.0001058574
4225.331	7.744467e-05
4228.087	8.670276e-05
4230.844	8.55291e-05
4233.6	8.512315e-05
4236.356	7.83993e-05
4239.112	8.906409e-05
4241.869	7.602892e-05
4244.625	8.276578e-05
4247.381	8.96874e-05
4250.137	9.978915e-05
4252.894	9.756986e-05
4255.65	0.0001278998
4258.406	0.0001839913
4261.162	0.0001203185
4263.918	0.0001716299
4266.675	0.0002170658
4269.431	0.0002570996
4272.188	0.0003248292
4274.943	0.0003845306
4277.7	0.0005155623
4280.456	0.000728377
4283.212	0.0006535506
4285.969	0.0006406587
4288.725	0.0007558555
4291.481	0.0008676242
4294.237	0.0009646905
4296.994	0.001178068
4299.75	0.002085052
4302.506	0.001112098
4305.262	0.000998626
4308.019	0.0008598089
4310.775	0.0007553872
4313.531	0.0006747768
4316.287	0.0005734857
4319.043	0.0004790704
4321.8	0.00037734
4324.556	0.0002747891
4327.312	0.0001920854
4330.068	0.0001530738
4332.825	0.0001684381
4335.581	0.0001800157
4338.337	0.0002179445
4341.094	0.0002232446
4343.85	0.0002303581
4346.606	0.0002238027
4349.362	0.000215673
4352.119	0.0002072855
4354.875	0.0001774778
4357.631	0.0001391112
4360.387	0.0001091828
4363.144	9.369271e-05
4365.9	8.596843e-05
4368.656	7.898562e-05
4371.412	8.591529e-05
4374.168	9.425308e-05
4376.925	9.993453e-05
4379.681	0.0001060454
4382.438	0.0001013988
4385.193	9.235542e-05
4387.95	9.836216e-05
4390.706	9.789055e-05
4393.462	9.815155e-05
4396.219	0.000101739
4398.975	0.0001060303
4401.731	0.00010304
4404.487	9.186206e-05
4407.244	8.654021e-05
4410	7.823885e-05
4412.756	6.324371e-05
4415.512	5.777005e-05
4418.269	5.686317e-05
4421.025	7.490323e-05
4423.781	7.269534e-05
4426.537	8.764971e-05
4429.293	9.799964e-05
4432.05	9.936556e-05
4434.806	9.716749e-05
4437.562	9.440498e-05
4440.318	9.038381e-05
4443.075	7.954058e-05
4445.831	6.250417e-05
4448.587	4.606666e-05
4451.344	4.094691e-05
4454.1	3.851188e-05
4456.856	4.160308e-05
4459.612	5.855957e-05
4462.369	7.241612e-05
4465.125	6.900345e-05
4467.881	8.202231e-05
4470.637	0.0001000442
4473.394	0.0001066582
4476.15	0.0001052043
4478.906	0.000102702
4481.662	0.000107891
4484.418	0.0001074136
4487.175	0.000102892
4489.931	0.0001007396
4492.688	9.049048e-05
4495.443	9.123237e-05
4498.2	6.814022e-05
4500.956	8.089297e-05
4503.712	0.0001466947
4506.469	0.0002525433
4509.225	0.0001974965
4511.981	0.0001749978
4514.737	0.0001130279
4517.494	8.33116e-05
4520.25	4.88486e-05
4523.006	6.007677e-05
4525.762	6.82642e-05
4528.519	7.308186e-05
4531.275	6.180754e-05
4534.031	8.606029e-05
4536.787	9.680171e-05
4539.543	0.000102326
4542.3	9.017576e-05
4545.056	8.542935e-05
4547.812	9.047234e-05
4550.568	8.577319e-05
4553.325	8.099894e-05
4556.081	7.464645e-05
4558.837	5.820024e-05
4561.594	5.213096e-05
4564.35	5.846919e-05
4567.106	6.923194e-05
4569.862	7.249359e-05
4572.619	7.184457e-05
4575.375	7.036421e-05
4578.131	8.302415e-05
4580.887	8.937639e-05
4583.644	8.300313e-05
4586.4	8.163455e-05
4589.156	7.232222e-05
4591.912	6.175438e-05
4594.668	6.060018e-05
4597.425	6.193011e-05
4600.181	6.509592e-05
4602.938	7.319687e-05
4605.693	8.552214e-05
4608.45	8.84621e-05
4611.206	8.720798e-05
4613.962	8.352892e-05
4616.719	7.823222e-05
4619.475	7.133473e-05
4622.231	6.422789e-05
4624.987	6.127512e-05
4627.744	5.850719e-05
4630.5	6.021839e-05
4633.256	6.333082e-05
4636.012	6.780613e-05
4638.769	7.096351e-05
4641.525	7.203806e-05
4644.281	7.144736e-05
4647.037	7.029734e-05
4649.793	6.42017e-05
4652.55	5.711832e-05
4655.306	5.111717e-05
4658.062	4.732855e-05
4660.818	5.179621e-05
4663.575	5.840513e-05
4666.331	6.178008e-05
4669.087	6.568584e-05
4671.844	6.745158e-05
4674.6	6.624508e-05
4677.356	6.29343e-05
4680.112	5.892625e-05
4682.869	5.430077e-05
4685.625	4.955288e-05
4688.381	4.860566e-05
4691.137	5.406162e-05
4693.894	5.848603e-05
4696.65	6.132537e-05
4699.406	6.434636e-05
4702.162	6.656254e-05
4704.918	6.531269e-05
4707.675	6.198167e-05
4710.431	5.850371e-05
4713.188	5.431101e-05
4715.943	5.062311e-05
4718.7	5.058878e-05
4721.456	5.413966e-05
4724.212	6.13571e-05
4726.969	6.441044e-05
4729.725	6.603257e-05
4732.481	6.735714e-05
4735.237	6.456784e-05
4737.994	6.053688e-05
4740.75	5.726683e-05
4743.506	5.196119e-05
4746.262	4.803129e-05
4749.019	4.966042e-05
4751.775	5.406117e-05
4754.531	5.928087e-05
4757.287	6.420513e-05
4760.043	6.6796e-05
4762.8	6.826584e-05
4765.556	6.77217e-05
4768.312	6.527935e-05
4771.068	6.093878e-05
4773.825	5.629005e-05
4776.581	5.033169e-05
4779.337	4.985928e-05
4782.094	5.38586e-05
4784.85	5.657017e-05
4787.606	5.832808e-05
4790.362	6.205402e-05
4793.119	6.363304e-05
4795.875	6.134575e-05
4798.631	5.852403e-05
4801.387	5.476296e-05
4804.144	4.930441e-05
4806.9	4.536326e-05
4809.656	4.69197e-05
4812.412	5.121826e-05
4815.168	5.407017e-05
4817.925	5.807746e-05
4820.681	5.903992e-05
4823.438	5.870885e-05
4826.193	5.852378e-05
4828.95	5.543017e-05
4831.706	5.095124e-05
4834.462	4.863543e-05
4837.219	4.719578e-05
4839.975	4.860079e-05
4842.731	5.336854e-05
4845.487	5.512359e-05
4848.244	5.659811e-05
4851	5.749283e-05
4853.756	5.637229e-05
4856.512	5.531395e-05
4859.269	5.373669e-05
4862.025	4.953996e-05
4864.781	4.690288e-05
4867.537	4.601371e-05
4870.293	5.046066e-05
4873.05	5.567079e-05
4875.806	5.774551e-05
4878.562	6.048462e-05
4881.318	6.523038e-05
4884.075	6.465088e-05
4886.831	6.106866e-05
4889.587	5.536942e-05
4892.344	4.906609e-05
4895.1	4.353834e-05
4897.856	4.008453e-05
4900.612	3.951903e-05
4903.369	4.603247e-05
4906.125	5.081572e-05
4908.881	5.298694e-05
4911.637	5.366322e-05
4914.394	4.979168e-05
4917.15	5.023883e-05
4919.906	5.180607e-05
4922.662	5.126105e-05
4925.418	4.405262e-05
4928.175	4.120942e-05
4930.931	4.142095e-05
4933.688	4.23163e-05
4936.443	4.321018e-05
4939.2	5.134319e-05
4941.956	5.292839e-05
4944.712	5.112762e-05
4947.469	5.109658e-05
4950.225	4.756125e-05
4952.981	4.62133e-05
4955.737	4.434134e-05
4958.494	3.951531e-05
4961.25	4.030979e-05
4964.006	4.225608e-05
4966.762	4.409158e-05
4969.519	4.448553e-05
4972.275	4.782435e-05
4975.031	4.799178e-05
4977.787	4.907731e-05
4980.543	5.029399e-05
4983.3	4.947448e-05
4986.056	4.822978e-05
4988.812	4.984701e-05
4991.568	4.985983e-05
4994.325	4.854865e-05
4997.081	4.712583e-05
4999.837	4.159437e-05
5002.594	4.084571e-05
5005.35	3.387606e-05
5008.106	3.28251e-05
5010.862	3.609551e-05
5013.619	3.981613e-05
5016.375	4.349988e-05
5019.131	4.559069e-05
5021.887	4.783855e-05
5024.644	4.907164e-05
5027.4	4.895763e-05
5030.156	4.563561e-05
5032.912	4.018603e-05
5035.668	3.822347e-05
5038.425	3.255879e-05
5041.181	2.574546e-05
5043.938	2.553003e-05
5046.693	3.256004e-05
5049.45	4.083114e-05
5052.206	5.366381e-05
5054.962	8.83093e-05
5057.719	0.0001223959
5060.475	0.0001093775
5063.231	7.919339e-05
5065.987	7.168659e-05
5068.744	7.470814e-05
5071.5	7.236865e-05
5074.256	6.7205e-05
5077.012	6.137547e-05
5079.769	5.624896e-05
5082.525	5.373776e-05
5085.281	5.146786e-05
5088.037	4.720725e-05
5090.793	4.576962e-05
5093.55	4.761422e-05
5096.306	4.723097e-05
5099.062	4.757013e-05
5101.818	5.030045e-05
5104.575	4.888065e-05
5107.331	4.923779e-05
5110.087	4.849349e-05
5112.844	4.837329e-05
5115.6	4.754628e-05
5118.356	4.739402e-05
5121.112	4.656386e-05
5123.869	4.589852e-05
5126.625	4.711945e-05
5129.381	4.84938e-05
5132.137	4.923682e-05
5134.894	4.8866e-05
5137.65	4.9593e-05
5140.406	4.937152e-05
5143.162	4.910234e-05
5145.918	4.871135e-05
5148.675	4.750123e-05
5151.431	4.622037e-05
5154.188	4.501612e-05
5156.943	4.515923e-05
5159.7	4.45302e-05
5162.456	4.417191e-05
5165.212	4.493037e-05
5167.969	4.464676e-05
5170.725	4.567789e-05
5173.481	4.620798e-05
5176.237	4.577862e-05
5178.994	4.526547e-05
5181.75	4.492514e-05
5184.506	4.481769e-05
5187.262	4.487352e-05
5190.019	4.544124e-05
5192.775	4.588577e-05
5195.531	4.599349e-05
5198.287	4.672364e-05
5201.043	4.682193e-05
5203.8	4.663886e-05
5206.556	4.637372e-05
5209.312	4.598667e-05
5212.068	4.484885e-05
5214.825	4.437357e-05
5217.581	4.324001e-05
5220.337	4.289662e-05
5223.094	4.307754e-05
5225.85	4.32393e-05
5228.606	4.391194e-05
5231.362	4.456911e-05
5234.119	4.482726e-05
5236.875	4.510704e-05
5239.631	4.522946e-05
5242.387	4.520749e-05
5245.144	4.496694e-05
5247.9	4.458507e-05
5250.656	4.422957e-05
5253.412	4.396894e-05
5256.168	4.424632e-05
5258.925	4.391436e-05
5261.681	4.371778e-05
5264.438	4.368444e-05
5267.193	4.364971e-05
5269.95	4.392344e-05
5272.706	4.384881e-05
5275.462	4.371488e-05
5278.219	4.4129e-05
5280.975	4.458573e-05
5283.731	4.488379e-05
5286.487	4.557581e-05
5289.244	4.602295e-05
5292	4.57561e-05
5294.756	4.595176e-05
5297.512	4.541296e-05
5300.269	4.441206e-05
5303.025	4.406125e-05
5305.781	4.267377e-05
5308.537	4.232853e-05
5311.293	4.214311e-05
5314.05	4.26274e-05
5316.806	4.315719e-05
5319.562	4.362152e-05
5322.318	4.423038e-05
5325.075	4.403536e-05
5327.831	4.400557e-05
5330.587	4.40912e-05
5333.344	4.278018e-05
5336.1	4.217295e-05
5338.856	4.051372e-05
5341.612	4.00731e-05
5344.369	4.047092e-05
5347.125	4.152896e-05
5349.881	4.295311e-05
5352.637	4.379524e-05
5355.394	4.34545e-05
5358.15	4.297767e-05
5360.906	4.189297e-05
5363.662	4.038854e-05
5366.418	3.915638e-05
5369.175	3.825125e-05
5371.931	3.832128e-05
5374.688	3.963478e-05
5377.443	4.08169e-05
5380.2	4.250169e-05
5382.956	4.251773e-05
5385.712	4.291689e-05
5388.469	4.723234e-05
5391.225	4.802776e-05
5393.981	4.71944e-05
5396.737	4.550283e-05
5399.494	4.350433e-05
5402.25	4.139567e-05
5405.006	4.272152e-05
5407.762	5.262165e-05
5410.519	4.642058e-05
5413.275	4.452586e-05
5416.031	4.31238e-05
5418.787	4.339787e-05
5421.543	4.419511e-05
5424.3	4.483684e-05
5427.056	4.497674e-05
5429.812	4.506831e-05
5432.568	4.66735e-05
5435.325	4.512259e-05
5438.081	4.197983e-05
5440.837	4.626493e-05
5443.594	4.457378e-05
5446.35	4.293417e-05
5449.106	4.140969e-05
5451.862	4.182781e-05
5454.619	4.373839e-05
5457.375	4.502936e-05
5460.131	4.453828e-05
5462.887	4.28635e-05
5465.644	4.331928e-05
5468.4	4.661292e-05
5471.156	4.775419e-05
5473.912	4.827106e-05
5476.668	4.812175e-05
5479.425	4.792678e-05
5482.181	4.685779e-05
5484.938	4.577029e-05
5487.693	4.398535e-05
5490.45	4.283596e-05
5493.206	4.272353e-05
5495.962	4.312492e-05
5498.719	4.327624e-05
5501.475	4.411388e-05
5504.231	4.449467e-05
5506.987	4.488104e-05
5509.744	4.536772e-05
5512.5	2.26842e-05
