0	5.137538e-05
2.75625	0.0001070158
5.5125	0.0001077075
8.268749	0.0001089001
11.025	0.0001043551
13.78125	0.0001033306
16.5375	0.000102696
19.29375	0.000113239
22.05	0.0001046674
24.80625	9.994284e-05
27.5625	0.0001035343
30.31875	0.0001069304
33.075	0.0001051093
35.83125	0.0001113795
38.5875	0.0001089514
41.34375	0.0001081579
44.1	0.0001147541
46.85625	0.0001192124
49.6125	0.0001123673
52.36875	0.0001077706
55.125	0.000128909
57.88125	0.000113016
60.6375	0.0001134629
63.39375	0.0001214112
66.14999	0.0001275209
68.90625	0.000123602
71.6625	0.0001284982
74.41875	0.0001312187
77.175	0.000131913
79.93124	0.0001422898
82.6875	0.0002023612
85.44375	0.0002261572
88.2	0.0001820559
90.95625	0.0002207878
93.71249	0.0004031006
96.46875	0.0007473254
99.225	0.0008832143
101.9812	0.0008159603
104.7375	0.0005617834
107.4937	0.0003236791
110.25	0.0002485627
113.0062	0.000308653
115.7625	0.0005648032
118.5187	0.0008634602
121.275	0.001449495
124.0312	0.002110873
126.7875	0.001874008
129.5437	0.001635858
132.3	0.001636864
135.0562	0.001510245
137.8125	0.001141259
140.5687	0.00115466
143.325	0.001696112
146.0812	0.001736718
148.8375	0.001369862
151.5938	0.001769001
154.35	0.00206982
157.1062	0.00143972
159.8625	0.001762433
162.6187	0.002286892
165.375	0.002510798
168.1312	0.001860184
170.8875	0.002788981
173.6437	0.001910924
176.4	0.001028682
179.1562	0.001292215
181.9125	0.002948233
184.6687	0.003778037
187.425	0.002410822
190.1812	0.002059077
192.9375	0.001500685
195.6937	0.001630365
198.45	0.001757873
201.2062	0.001118772
203.9625	0.0004463838
206.7188	0.001131768
209.475	0.0007789759
212.2312	0.0006291093
214.9875	0.0003335553
217.7437	0.0003388332
220.5	0.0007679016
223.2562	0.0006565806
226.0125	0.0005953909
228.7687	0.0005384611
231.525	0.0004531266
234.2812	0.0004536786
237.0375	0.0006290096
239.7937	0.0005852435
242.55	0.0006204739
245.3062	0.0007855671
248.0625	0.0007475684
250.8187	0.0005094522
253.575	0.0004498587
256.3312	0.0004553322
259.0875	0.0005195718
261.8438	0.0003250936
264.6	0.0003644559
267.3562	0.0003535071
270.1125	0.0003130768
272.8687	0.0003208019
275.625	0.0004721723
278.3812	0.0003359929
281.1375	0.0003101443
283.8937	0.0003946745
286.65	0.000425158
289.4062	0.0004538035
292.1625	0.0006507816
294.9187	0.0005718661
297.675	0.000245021
300.4312	0.0003519733
303.1875	0.0004710426
305.9437	0.00061886
308.7	0.0009350292
311.4562	0.001553202
314.2125	0.0009589774
316.9688	0.0007235454
319.725	0.0003813868
322.4812	0.0005743308
325.2375	0.0006325382
327.9937	0.0008808906
330.75	0.0009589891
333.5062	0.0009614288
336.2625	0.001071359
339.0187	0.00116836
341.775	0.001256606
344.5312	0.001688824
347.2875	0.003093137
350.0437	0.003937128
352.8	0.002677547
355.5562	0.002067059
358.3125	0.002021179
361.0687	0.001838852
363.825	0.001459175
366.5812	0.001280704
369.3375	0.001973218
372.0938	0.001700965
374.85	0.001110176
377.6062	0.0008086455
380.3625	0.001131007
383.1187	0.001414649
385.875	0.001205951
388.6312	0.001378573
391.3875	0.001886612
394.1437	0.001245059
396.9	0.001083964
399.6562	0.001419512
402.4125	0.00132489
405.1687	0.001287536
407.925	0.001431748
410.6812	0.00151276
413.4375	0.001547501
416.1937	0.001444936
418.95	0.00173909
421.7062	0.00187671
424.4625	0.002059983
427.2188	0.001878684
429.975	0.001425804
432.7312	0.001600843
435.4875	0.001321971
438.2437	0.001736911
441	0.002139029
443.7562	0.002047869
446.5125	0.001956747
449.2687	0.002255064
452.025	0.002156426
454.7812	0.001632158
457.5375	0.001754664
460.2937	0.001835227
463.05	0.0009465615
465.8062	0.001733515
468.5625	0.001445039
471.3187	0.001186961
474.075	0.001451796
476.8312	0.001270645
479.5875	0.001881447
482.3437	0.001466095
485.1	0.001345201
487.8562	0.002347424
490.6125	0.002483386
493.3687	0.003177234
496.125	0.003592389
498.8812	0.002819393
501.6375	0.00402895
504.3937	0.005620998
507.15	0.00522137
509.9062	0.007286778
512.6625	0.01045997
515.4188	0.009750726
518.175	0.01820939
520.9312	0.03698327
523.6875	0.08570076
526.4437	0.03768171
529.2	0.01857676
531.9562	0.006197693
534.7125	0.007834429
537.4688	0.005280572
540.225	0.003646041
542.9812	0.004553975
545.7375	0.002961072
548.4937	0.004512787
551.25	0.004649588
554.0062	0.002470583
556.7625	0.004471194
559.5187	0.004612515
562.275	0.002612012
565.0312	0.002890038
567.7875	0.00329243
570.5437	0.002490193
573.3	0.003791536
576.0562	0.004215363
578.8125	0.002391537
581.5687	0.002853289
584.325	0.003730906
587.0812	0.002362155
589.8375	0.001914071
592.5938	0.001378658
595.35	0.003486459
598.1062	0.005021772
600.8625	0.003882338
603.6187	0.003259138
606.375	0.004785819
609.1312	0.004396813
611.8875	0.004694087
614.6437	0.006966375
617.4	0.00874803
620.1562	0.01942116
622.9125	0.05140694
625.6687	0.03482253
628.425	0.02030624
631.1812	0.009921235
633.9375	0.006152256
636.6937	0.006224322
639.45	0.004023647
642.2062	0.003016297
644.9625	0.002403021
647.7188	0.002585235
650.475	0.002987696
653.2312	0.001995882
655.9875	0.003019503
658.7437	0.003697967
661.5	0.003159505
664.2562	0.002692373
667.0125	0.002986975
669.7687	0.002346483
672.525	0.002175566
675.2812	0.002338335
678.0375	0.001706114
680.7937	0.001260394
683.55	0.001408703
686.3062	0.0006664947
689.0625	0.00120477
691.8187	0.001183935
694.575	0.0009073362
697.3312	0.001491189
700.0875	0.001203553
702.8438	0.0006514497
705.6	0.0006968092
708.3562	0.001250227
711.1125	0.00181072
713.8687	0.001834662
716.625	0.001610236
719.3812	0.001811423
722.1375	0.001652845
724.8937	0.001804792
727.65	0.002571187
730.4062	0.0025248
733.1625	0.002446322
735.9187	0.003239928
738.675	0.003668688
741.4312	0.003253235
744.1875	0.003330336
746.9437	0.003692198
749.7	0.004022045
752.4562	0.004576344
755.2125	0.004874103
757.9688	0.004960775
760.725	0.005586961
763.4812	0.005192064
766.2375	0.004946006
768.9937	0.004552033
771.75	0.004760989
774.5062	0.004502454
777.2625	0.004158026
780.0187	0.004300787
782.775	0.006512355
785.5312	0.01270213
788.2875	0.01769685
791.0437	0.006742835
793.8	0.003225707
796.5562	0.001637316
799.3125	0.001771256
802.0687	0.001799066
804.825	0.001578316
807.5812	0.001275723
810.3375	0.001448952
813.0938	0.001589626
815.85	0.001300804
818.6062	0.0009820231
821.3625	0.0008183262
824.1187	0.00090807
826.875	0.001087561
829.6312	0.001505676
832.3875	0.001829398
835.1437	0.001756618
837.9	0.001796038
840.6562	0.002086104
843.4125	0.001982143
846.1687	0.001788869
848.925	0.00174348
851.6812	0.001268244
854.4375	0.0007239174
857.1937	0.0007698848
859.95	0.0005392391
862.7062	0.0006196425
865.4625	0.0007793875
868.2188	0.0004512303
870.975	0.0005913856
873.7312	0.0006123786
876.4875	0.0003773983
879.2437	0.0007011978
882	0.0006750766
884.7562	0.000922271
887.5125	0.00108409
890.2687	0.0007757519
893.025	0.0007549793
895.7812	0.0009800843
898.5375	0.0007581965
901.2937	0.0007722971
904.05	0.0008541295
906.8062	0.0007267338
909.5624	0.000969368
912.3187	0.0009777931
915.075	0.00076459
917.8312	0.001061462
920.5875	0.001048892
923.3437	0.0009117402
926.1	0.001206618
928.8562	0.00128825
931.6125	0.001146839
934.3687	0.001208324
937.1249	0.001032786
939.8812	0.001141697
942.6375	0.001364234
945.3937	0.001097401
948.15	0.0008718242
950.9062	0.001065821
953.6625	0.001029167
956.4187	0.001086768
959.175	0.00115077
961.9312	0.0008376861
964.6874	0.0009375348
967.4437	0.0009974319
970.2	0.0007252453
972.9562	0.001001217
975.7125	0.00106235
978.4687	0.0008196266
981.225	0.0009901793
983.9812	0.0009389978
986.7375	0.0007046247
989.4937	0.0009354538
992.2499	0.000852447
995.0062	0.0006405537
997.7625	0.0009245787
1000.519	0.0007852121
1003.275	0.0007352377
1006.031	0.001034217
1008.787	0.000877896
1011.544	0.0007007616
1014.3	0.0008556707
1017.056	0.0005924187
1019.812	0.0005418382
1022.569	0.0006839673
1025.325	0.0004418003
1028.081	0.0009051283
1030.838	0.0008816162
1033.594	0.0008362096
1036.35	0.00163047
1039.106	0.001590446
1041.862	0.001955054
1044.619	0.004657775
1047.375	0.009517424
1050.131	0.007944347
1052.887	0.004898149
1055.644	0.002268469
1058.4	0.00133182
1061.156	0.001352515
1063.912	0.0008577241
1066.669	0.000479857
1069.425	0.0005136493
1072.181	0.0003781257
1074.938	0.0002083903
1077.694	0.0002953874
1080.45	0.0002560347
1083.206	0.0001699538
1085.962	0.0001245529
1088.719	0.0002178533
1091.475	0.0002824984
1094.231	0.0002753105
1096.987	0.0002016433
1099.744	0.0002610706
1102.5	0.0002698441
1105.256	0.0001874543
1108.012	0.0001310388
1110.769	0.0001961222
1113.525	0.0002231195
1116.281	0.0002365613
1119.037	0.0001812137
1121.794	0.000201309
1124.55	0.000314479
1127.306	0.0003051724
1130.062	0.0001965727
1132.819	0.0002622694
1135.575	0.0003525211
1138.331	0.0003057295
1141.087	0.0003422659
1143.844	0.000687862
1146.6	0.001112917
1149.356	0.0007206913
1152.112	0.000373679
1154.869	0.0001521365
1157.625	0.0001446497
1160.381	0.0001860759
1163.137	0.0001972429
1165.894	0.0001310166
1168.65	0.0001906557
1171.406	0.0002669283
1174.162	0.000216872
1176.919	0.0001596723
1179.675	0.0001932936
1182.431	0.0001339398
1185.188	0.0001943289
1187.944	0.0002428262
1190.7	0.0001651657
1193.456	0.0001776691
1196.212	0.0002126333
1198.969	0.0001805166
1201.725	0.0002154781
1204.481	0.0002005224
1207.237	0.0002435538
1209.994	0.0003718988
1212.75	0.0002975566
1215.506	0.0003197631
1218.262	0.0004843687
1221.019	0.0004396017
1223.775	0.0005216548
1226.531	0.0007415332
1229.287	0.0007020722
1232.044	0.0005875058
1234.8	0.001012766
1237.556	0.001134887
1240.312	0.0008859676
1243.069	0.002025273
1245.825	0.004748178
1248.581	0.007639641
1251.337	0.005995986
1254.094	0.003100902
1256.85	0.002082198
1259.606	0.001336055
1262.362	0.0009237916
1265.119	0.0006017309
1267.875	0.0007171287
1270.631	0.0007326139
1273.387	0.000576161
1276.144	0.0005397994
1278.9	0.0006079351
1281.656	0.0004421328
1284.412	0.0003087277
1287.169	0.0004064243
1289.925	0.0004028756
1292.681	0.0004465956
1295.438	0.0005451884
1298.194	0.0004773219
1300.95	0.0004249288
1303.706	0.0004677115
1306.462	0.0004093499
1309.219	0.0003558224
1311.975	0.0004345347
1314.731	0.0002229329
1317.487	0.0002870776
1320.244	0.0003436906
1323	0.0002309068
1325.756	0.0002672614
1328.512	0.0003535433
1331.269	0.0002880491
1334.025	0.0001766771
1336.781	0.0002293946
1339.537	0.000192078
1342.294	0.0001223963
1345.05	0.0002035689
1347.806	0.0001933461
1350.562	0.0001164498
1353.319	0.0003813698
1356.075	0.0006756746
1358.831	0.0007014196
1361.587	0.0005197708
1364.344	0.0003428975
1367.1	0.0003521326
1369.856	0.0002957192
1372.612	0.0002611032
1375.369	0.0002895271
1378.125	0.0001906139
1380.881	0.0002038279
1383.637	0.0002896554
1386.394	0.0002132919
1389.15	0.0001764403
1391.906	0.0002110773
1394.662	0.0001497233
1397.419	0.0001156076
1400.175	0.000128769
1402.931	0.000201844
1405.688	0.0002428536
1408.444	0.0001842894
1411.2	0.0002610304
1413.956	0.000298878
1416.712	0.0002573087
1419.469	0.0003278081
1422.225	0.0003532281
1424.981	0.0002786893
1427.737	0.0003612382
1430.494	0.0003916456
1433.25	0.0002670921
1436.006	0.0003781656
1438.762	0.0004078983
1441.519	0.0003075696
1444.275	0.0004561456
1447.031	0.000474935
1449.787	0.0003861944
1452.544	0.0004867983
1455.3	0.00052548
1458.056	0.0004677444
1460.812	0.0005883561
1463.569	0.0005560752
1466.325	0.0004656575
1469.081	0.0005556436
1471.837	0.0004957207
1474.594	0.0003916101
1477.35	0.0005357068
1480.106	0.0004586618
1482.862	0.0003969762
1485.619	0.000543827
1488.375	0.0004543429
1491.131	0.000353097
1493.887	0.0005392752
1496.644	0.0004132478
1499.4	0.0003587712
1502.156	0.0005261842
1504.912	0.0004288336
1507.669	0.0003544947
1510.425	0.0003780407
1513.181	0.0002415869
1515.938	0.000436383
1518.694	0.0004637983
1521.45	0.0002621118
1524.206	0.0004955194
1526.962	0.0004783058
1529.719	0.0003388259
1532.475	0.0005827562
1535.231	0.000520241
1537.987	0.000318253
1540.744	0.0005824592
1543.5	0.0004996054
1546.256	0.0005231536
1549.012	0.0006879753
1551.769	0.0006161635
1554.525	0.0007131967
1557.281	0.0007467367
1560.037	0.00106726
1562.794	0.001277846
1565.55	0.001141405
1568.306	0.003088657
1571.062	0.005975369
1573.819	0.01034278
1576.575	0.008737797
1579.331	0.002567177
1582.087	0.001794097
1584.844	0.002118888
1587.6	0.001698366
1590.356	0.001097768
1593.112	0.001242392
1595.869	0.0009376626
1598.625	0.0006353339
1601.381	0.0008137757
1604.137	0.0005430595
1606.894	0.0003681832
1609.65	0.0005266715
1612.406	0.000385168
1615.162	0.0003499618
1617.919	0.000435882
1620.675	0.0003208897
1623.431	0.0002555886
1626.188	0.0003382082
1628.944	0.0003486453
1631.7	0.0002459733
1634.456	0.0002325224
1637.212	0.0003321858
1639.969	0.0002849444
1642.725	0.0002057272
1645.481	0.0002588914
1648.237	0.0002133079
1650.994	0.0001697526
1653.75	0.0002430626
1656.506	0.0002196033
1659.262	0.0001597869
1662.019	0.0002256868
1664.775	0.0001922383
1667.531	0.000195196
1670.287	0.0002652418
1673.044	0.0001516372
1675.8	0.0002263228
1678.556	0.0002011631
1681.312	0.0001423617
1684.069	0.0002418663
1686.825	0.0002087273
1689.581	0.0001425658
1692.337	0.0002198271
1695.094	0.0001647047
1697.85	0.0001619284
1700.606	0.0002221842
1703.362	0.0001717231
1706.119	0.0001618815
1708.875	0.0001862896
1711.631	0.0001310567
1714.387	0.0002213173
1717.144	0.0002319385
1719.9	0.0001366404
1722.656	0.0002109378
1725.412	0.0002131877
1728.169	0.0001283414
1730.925	0.0002088419
1733.681	0.000215568
1736.438	0.0001653085
1739.194	0.0002107101
1741.95	0.0001655748
1744.706	0.0001988766
1747.462	0.0002634362
1750.219	0.0002065281
1752.975	0.0002074583
1755.731	0.0002883431
1758.487	0.0002631282
1761.244	0.0001933723
1764	0.0002191405
1766.756	0.0003067685
1769.512	0.0003894977
1772.269	0.0002480762
1775.025	0.0001952342
1777.781	0.0001970683
1780.537	0.0002490619
1783.294	0.0003082225
1786.05	0.0002839838
1788.806	0.0002571398
1791.562	0.0002969077
1794.319	0.000268681
1797.075	0.0003134792
1799.831	0.0003288708
1802.587	0.0002762036
1805.344	0.0004295627
1808.1	0.0004431145
1810.856	0.0002588774
1813.612	0.0004818556
1816.369	0.0004724256
1819.125	0.0003280552
1821.881	0.0005832082
1824.637	0.0005426676
1827.394	0.0004123525
1830.15	0.0006754146
1832.906	0.0005537256
1835.662	0.0005301833
1838.419	0.0007108363
1841.175	0.0005093273
1843.931	0.000796859
1846.687	0.001009504
1849.444	0.000713794
1852.2	0.001208281
1854.956	0.001405351
1857.712	0.0009738486
1860.469	0.001745818
1863.225	0.001873502
1865.981	0.00192735
1868.737	0.003810048
1871.494	0.004416627
1874.25	0.003045592
1877.006	0.008791052
1879.762	0.02077828
1882.519	0.01828517
1885.275	0.01087148
1888.031	0.004803049
1890.787	0.00307257
1893.544	0.003204691
1896.3	0.002154197
1899.056	0.002232532
1901.812	0.002179778
1904.569	0.00149718
1907.325	0.001569737
1910.081	0.001470854
1912.837	0.0009780818
1915.594	0.001262218
1918.35	0.001183396
1921.106	0.0008950728
1923.862	0.001092726
1926.619	0.001010299
1929.375	0.0007706765
1932.131	0.0008805589
1934.887	0.0006781385
1937.644	0.0004755298
1940.4	0.0006272487
1943.156	0.0004975389
1945.912	0.0003238404
1948.669	0.0004908939
1951.425	0.0004049721
1954.181	0.000399739
1956.937	0.0004399655
1959.694	0.00028458
1962.45	0.0003809574
1965.206	0.0004344438
1967.962	0.0003547277
1970.719	0.0004267901
1973.475	0.0004600465
1976.231	0.0003617268
1978.987	0.0002809088
1981.744	0.0002586095
1984.5	0.0001594284
1987.256	0.0002673767
1990.012	0.0002781715
1992.769	0.0002046307
1995.525	0.0002849503
1998.281	0.0002806813
2001.037	0.0001716519
2003.794	0.0001901557
2006.55	0.0002010946
2009.306	0.0001459756
2012.062	0.000133797
2014.819	0.0001100073
2017.575	0.0001604042
2020.331	0.0001637966
2023.087	0.0001618972
2025.844	0.0002065412
2028.6	0.0002002576
2031.356	0.000147516
2034.112	0.0001804462
2036.869	0.0002028784
2039.625	0.0001611444
2042.381	0.0001868839
2045.137	0.0002200225
2047.894	0.0001819712
2050.65	0.0001997263
2053.406	0.0002305557
2056.162	0.0002163007
2058.919	0.0001769242
2061.675	0.0001799322
2064.431	0.0001826122
2067.188	0.000183137
2069.944	0.0002116203
2072.7	0.0002308513
2075.456	0.0001869418
2078.212	7.403082e-05
2080.969	0.0001129242
2083.725	0.0001598786
2086.481	0.0001786655
2089.238	0.0002515425
2091.994	0.0002527173
2094.75	0.0003175133
2097.506	0.0005802517
2100.262	0.0005709876
2103.019	0.00089691
2105.775	0.002550042
2108.531	0.003487416
2111.287	0.002429062
2114.044	0.001389783
2116.8	0.0005010139
2119.556	0.0007995378
2122.312	0.0007000441
2125.069	0.0003869002
2127.825	0.0004369432
2130.581	0.0004101714
2133.337	0.0002278539
2136.094	0.0003038182
2138.85	0.0002635462
2141.606	0.0001397343
2144.362	0.0001883291
2147.119	0.0001531802
2149.875	0.0001948111
2152.631	0.0002167794
2155.387	0.0001320932
2158.144	0.0001840364
2160.9	0.0002133315
2163.656	0.0001498268
2166.412	0.0001173561
2169.169	0.0001273618
2171.925	0.0001073284
2174.681	0.000133028
2177.438	0.0001046361
2180.194	9.171349e-05
2182.95	0.0001230008
2185.706	0.0001034718
2188.462	0.0001334936
2191.219	0.0001424725
2193.975	0.0001175527
2196.731	0.0001201531
2199.487	0.0001203104
2202.244	0.0001152673
2205	0.0001460243
2207.756	0.0001130579
2210.512	0.0001000128
2213.269	0.0001596107
2216.025	0.0001534519
2218.781	0.0001147809
2221.537	0.0001613125
2224.294	0.0001384136
2227.05	8.122792e-05
2229.806	0.0001312577
2232.562	0.0001446916
2235.319	0.0001005082
2238.075	8.197636e-05
2240.831	0.0001146711
2243.587	0.0001112524
2246.344	9.896754e-05
2249.1	7.830367e-05
2251.856	9.681399e-05
2254.612	0.0001274531
2257.369	9.529078e-05
2260.125	0.0001289342
2262.881	0.0001657721
2265.637	0.0001406717
2268.394	0.000130213
2271.15	0.0001657981
2273.906	0.0001493149
2276.662	0.0001158196
2279.419	0.0001410464
2282.175	0.0001353892
2284.931	9.534887e-05
2287.688	0.0001174719
2290.444	0.0001069812
2293.2	0.0001080701
2295.956	0.0001460989
2298.712	0.0001349117
2301.469	0.0001383041
2304.225	0.0001821386
2306.981	0.0001625185
2309.737	0.0001547317
2312.494	0.0001809325
2315.25	0.0001383964
2318.006	0.0001030981
2320.762	0.0001367285
2323.519	0.0001017142
2326.275	0.000101447
2329.031	0.0001444022
2331.787	0.0001203955
2334.544	8.521872e-05
2337.3	0.0001361772
2340.056	0.0001292083
2342.812	9.164313e-05
2345.569	0.0001604329
2348.325	0.0001694065
2351.081	0.0001157313
2353.837	0.0002699483
2356.594	0.0003656261
2359.35	0.0002483252
2362.106	0.0004146481
2364.862	0.0004086569
2367.619	0.0005438575
2370.375	0.001563299
2373.131	0.002871322
2375.887	0.002389192
2378.644	0.001698879
2381.4	0.0009475871
2384.156	0.0007080969
2386.912	0.0007150411
2389.669	0.0005182499
2392.425	0.0004727987
2395.181	0.0005225862
2397.938	0.0005721044
2400.694	0.0005115335
2403.45	0.0003390509
2406.206	0.0003344819
2408.962	0.0005854997
2411.719	0.0005582811
2414.475	0.0004306952
2417.231	0.0003417727
2419.987	0.0003278268
2422.744	0.000316092
2425.5	0.0003978901
2428.256	0.0003465929
2431.012	0.0003190765
2433.769	0.0003359313
2436.525	0.0003074118
2439.281	0.0003279249
2442.037	0.0003357064
2444.794	0.0002967943
2447.55	0.000365742
2450.306	0.0004093011
2453.062	0.0003785672
2455.819	0.0003827907
2458.575	0.0003518147
2461.331	0.0002941103
2464.087	0.0003276892
2466.844	0.000287597
2469.6	0.0002895313
2472.356	0.0003181958
2475.112	0.0003374413
2477.869	0.0003833609
2480.625	0.0004480811
2483.381	0.0004597079
2486.137	0.000585712
2488.894	0.0006188548
2491.65	0.0006130472
2494.406	0.0007632584
2497.162	0.0007951214
2499.919	0.0004988528
2502.675	0.001123048
2505.431	0.001267156
2508.188	0.0005367478
2510.944	0.001120173
2513.7	0.001489726
2516.456	0.002437073
2519.212	0.004240171
2521.969	0.006471229
2524.725	0.004326768
2527.481	0.002985965
2530.237	0.002317288
2532.994	0.00187987
2535.75	0.001307406
2538.506	0.001304221
2541.262	0.00138907
2544.019	0.001023711
2546.775	0.000654871
2549.531	0.0006909964
2552.287	0.000499184
2555.044	0.0005372819
2557.8	0.0006753302
2560.556	0.0004771338
2563.312	0.0003585153
2566.069	0.0003868502
2568.825	0.0003032741
2571.581	0.0004116666
2574.337	0.0004133387
2577.094	0.0003272063
2579.85	0.0004704764
2582.606	0.0003872115
2585.362	0.0003032819
2588.119	0.000435424
2590.875	0.0003572096
2593.631	0.0002761181
2596.387	0.000323332
2599.144	0.0002482022
2601.9	0.0003111168
2604.656	0.00036345
2607.412	0.0002590512
2610.169	0.0003795807
2612.925	0.0003685294
2615.681	0.0002799132
2618.438	0.0004805706
2621.194	0.000505572
2623.95	0.000626079
2626.706	0.0007431773
2629.462	0.0005841489
2632.219	0.000806863
2634.975	0.001126246
2637.731	0.0009535202
2640.487	0.002272519
2643.244	0.005619932
2646	0.00589864
2648.756	0.003517391
2651.512	0.00169133
2654.269	0.0007194748
2657.025	0.0008636746
2659.781	0.0004682904
2662.537	0.000752879
2665.294	0.0007072372
2668.05	0.0003652446
2670.806	0.0005037962
2673.562	0.0004703508
2676.319	0.0002405485
2679.075	0.0003556117
2681.831	0.0003708294
2684.587	0.0002338969
2687.344	0.0003286156
2690.1	0.0003165943
2692.856	0.000301973
2695.612	0.000357588
2698.369	0.0002124183
2701.125	0.0001472977
2703.881	0.0002169951
2706.637	0.0002388748
2709.394	0.0001704431
2712.15	0.0001647509
2714.906	0.0002014672
2717.662	0.0001595593
2720.419	0.0001555805
2723.175	0.0001992772
2725.931	0.000154596
2728.688	0.000182061
2731.444	0.0002498285
2734.2	0.0001879557
2736.956	0.0001794995
2739.712	0.0002387122
2742.469	0.0001895687
2745.225	0.000139171
2747.981	0.0001929027
2750.737	0.0001503359
2753.494	0.0001209195
2756.25	0.0001618269
2759.006	0.0001063061
2761.762	0.0001555819
2764.519	0.0001696237
2767.275	0.0001172055
2770.031	0.0001989302
2772.787	0.0002100872
2775.544	0.0001337227
2778.3	0.0001732774
2781.056	0.0001814733
2783.812	0.0001123966
2786.569	0.0001530608
2789.325	0.0001471837
2792.081	8.93433e-05
2794.837	0.0001537437
2797.594	0.0001498988
2800.35	8.574787e-05
2803.106	0.000127036
2805.862	0.0001171964
2808.619	8.718547e-05
2811.375	0.0001222959
2814.131	0.0001043107
2816.887	6.395901e-05
2819.644	0.0001123194
2822.4	0.0001249364
2825.156	0.0001364838
2827.912	0.0001419756
2830.669	0.000126658
2833.425	0.0001124973
2836.181	9.821945e-05
2838.938	0.0001033845
2841.694	0.0001060428
2844.45	8.612313e-05
2847.206	0.0001038332
2849.962	0.0001124574
2852.719	0.0001046463
2855.475	0.0001012686
2858.231	9.498825e-05
2860.987	0.0001051751
2863.744	0.0001093271
2866.5	8.980589e-05
2869.256	0.0001073526
2872.012	0.0001112533
2874.769	7.021827e-05
2877.525	0.0001253321
2880.281	0.0001439515
2883.037	9.85887e-05
2885.794	0.0001087587
2888.55	0.000132528
2891.306	9.570321e-05
2894.062	0.0001108771
2896.819	0.0001487393
2899.575	0.0001282901
2902.331	8.427037e-05
2905.087	8.228873e-05
2907.844	9.493127e-05
2910.6	9.031175e-05
2913.356	8.13792e-05
2916.112	0.000103281
2918.869	9.709831e-05
2921.625	7.918814e-05
2924.381	0.0001487441
2927.137	0.0001815946
2929.894	0.000148127
2932.65	7.489215e-05
2935.406	6.723146e-05
2938.162	6.67599e-05
2940.919	6.975067e-05
2943.675	8.112309e-05
2946.431	6.322561e-05
2949.188	7.114692e-05
2951.944	8.27328e-05
2954.7	7.348083e-05
2957.456	8.033582e-05
2960.212	8.467626e-05
2962.969	7.553536e-05
2965.725	7.918153e-05
2968.481	7.590645e-05
2971.237	6.849624e-05
2973.994	7.249124e-05
2976.75	7.907418e-05
2979.506	7.493486e-05
2982.262	6.765936e-05
2985.019	7.488013e-05
2987.775	9.246478e-05
2990.531	8.024195e-05
2993.287	7.592364e-05
2996.044	9.039995e-05
2998.8	8.223176e-05
3001.556	6.712275e-05
3004.312	8.722694e-05
3007.069	9.417951e-05
3009.825	7.052152e-05
3012.581	7.36263e-05
3015.337	9.054664e-05
3018.094	7.915129e-05
3020.85	6.324111e-05
3023.606	9.031436e-05
3026.362	9.074822e-05
3029.119	8.531416e-05
3031.875	7.359053e-05
3034.631	5.501081e-05
3037.387	6.391012e-05
3040.144	5.212191e-05
3042.9	8.88814e-05
3045.656	0.0001221004
3048.412	0.00012202
3051.169	7.980083e-05
3053.925	8.070392e-05
3056.681	9.006204e-05
3059.438	7.394219e-05
3062.194	7.399177e-05
3064.95	8.422461e-05
3067.706	7.029156e-05
3070.462	6.067882e-05
3073.219	6.75162e-05
3075.975	7.207195e-05
3078.731	6.807502e-05
3081.487	6.261415e-05
3084.244	7.293012e-05
3087	7.604362e-05
3089.756	7.150092e-05
3092.512	7.564796e-05
3095.269	6.5974e-05
3098.025	6.960912e-05
3100.781	8.289371e-05
3103.537	6.150263e-05
3106.294	6.413009e-05
3109.05	8.966662e-05
3111.806	7.116592e-05
3114.562	7.543596e-05
3117.319	0.0001121195
3120.075	9.725186e-05
3122.831	7.061735e-05
3125.587	7.717008e-05
3128.344	5.759985e-05
3131.1	7.861164e-05
3133.856	8.409908e-05
3136.612	5.445477e-05
3139.369	5.812283e-05
3142.125	7.04421e-05
3144.881	0.0001218106
3147.637	0.0001352218
3150.394	9.413405e-05
3153.15	5.229797e-05
3155.906	0.0001269535
3158.662	0.0001189339
3161.419	9.257575e-05
3164.175	0.0001782457
3166.931	0.0003705241
3169.688	0.0005333108
3172.444	0.0003869934
3175.2	0.0001808976
3177.956	0.0001831241
3180.712	0.0003069256
3183.469	0.000295255
3186.225	0.0005362149
3188.981	0.001085769
3191.737	0.00113547
3194.494	0.0009261456
3197.25	0.0005509264
3200.006	0.0004073177
3202.762	0.0004582914
3205.519	0.0004065002
3208.275	0.0002911163
3211.031	0.0002742382
3213.787	0.0002895524
3216.544	0.0002228535
3219.3	0.0002148137
3222.056	0.000252793
3224.812	0.0002149511
3227.569	0.000181962
3230.325	0.0001825028
3233.081	0.000118002
3235.837	0.0001246926
3238.594	0.0001758385
3241.35	0.0001440008
3244.106	0.0001087495
3246.862	0.0001209419
3249.619	8.347706e-05
3252.375	9.053317e-05
3255.131	9.793304e-05
3257.887	5.422289e-05
3260.644	8.950247e-05
3263.4	8.573323e-05
3266.156	6.56917e-05
3268.912	9.119281e-05
3271.669	6.769334e-05
3274.425	8.899874e-05
3277.181	0.0001062141
3279.938	8.513453e-05
3282.694	0.0001123713
3285.45	0.0001187895
3288.206	8.390658e-05
3290.962	0.0001031309
3293.719	0.0001125053
3296.475	8.415932e-05
3299.231	0.0001054231
3301.987	0.0001100499
3304.744	8.611055e-05
3307.5	0.0001244953
3310.256	0.000121733
3313.012	8.005612e-05
3315.769	9.520407e-05
3318.525	9.803692e-05
3321.281	6.611949e-05
3324.037	9.801846e-05
3326.794	9.335161e-05
3329.55	4.894593e-05
3332.306	7.228748e-05
3335.062	7.29145e-05
3337.819	6.058712e-05
3340.575	8.87647e-05
3343.331	7.722147e-05
3346.087	5.152765e-05
3348.844	8.56367e-05
3351.6	8.673251e-05
3354.356	6.290784e-05
3357.112	6.648238e-05
3359.869	8.214566e-05
3362.625	6.93481e-05
3365.381	5.219959e-05
3368.137	7.160803e-05
3370.894	6.557447e-05
3373.65	5.9062e-05
3376.406	8.67015e-05
3379.162	7.783507e-05
3381.919	5.644681e-05
3384.675	8.395643e-05
3387.431	8.108734e-05
3390.188	4.693977e-05
3392.944	7.952256e-05
3395.7	7.778509e-05
3398.456	4.561068e-05
3401.212	6.903984e-05
3403.969	6.183992e-05
3406.725	5.536139e-05
3409.481	7.864404e-05
3412.237	6.651915e-05
3414.994	5.605103e-05
3417.75	7.466635e-05
3420.506	5.438705e-05
3423.262	6.687592e-05
3426.019	8.822459e-05
3428.775	7.209838e-05
3431.531	7.309214e-05
3434.287	9.277202e-05
3437.044	7.522939e-05
3439.8	5.266656e-05
3442.556	7.397773e-05
3445.312	6.32679e-05
3448.069	5.7815e-05
3450.825	9.390781e-05
3453.581	0.0001066046
3456.337	9.688955e-05
3459.094	7.684415e-05
3461.85	5.02828e-05
3464.606	6.916482e-05
3467.362	6.794678e-05
3470.119	4.506214e-05
3472.875	6.617451e-05
3475.631	6.418473e-05
3478.387	4.431418e-05
3481.144	6.404905e-05
3483.9	5.840436e-05
3486.656	4.562396e-05
3489.412	6.401887e-05
3492.169	5.960662e-05
3494.925	4.790699e-05
3497.681	6.919595e-05
3500.438	6.276122e-05
3503.194	4.374962e-05
3505.95	5.229958e-05
3508.706	5.237808e-05
3511.462	5.773543e-05
3514.219	5.920183e-05
3516.975	4.664472e-05
3519.731	7.218735e-05
3522.487	8.013129e-05
3525.244	5.676667e-05
3528	5.510116e-05
3530.756	6.832928e-05
3533.512	5.014235e-05
3536.269	5.913559e-05
3539.025	7.191003e-05
3541.781	5.696151e-05
3544.537	5.338075e-05
3547.294	5.89947e-05
3550.05	4.106367e-05
3552.806	7.233949e-05
3555.562	8.122434e-05
3558.319	5.763505e-05
3561.075	5.438897e-05
3563.831	6.262778e-05
3566.587	4.601664e-05
3569.344	7.407305e-05
3572.1	8.767714e-05
3574.856	7.149135e-05
3577.612	4.192489e-05
3580.369	5.208803e-05
3583.125	5.727081e-05
3585.881	6.169496e-05
3588.637	5.493755e-05
3591.394	4.583472e-05
3594.15	6.183665e-05
3596.906	5.729971e-05
3599.662	5.550741e-05
3602.419	7.322789e-05
3605.175	6.759088e-05
3607.931	5.257898e-05
3610.687	7.723e-05
3613.444	7.834287e-05
3616.2	4.841946e-05
3618.956	6.539861e-05
3621.712	7.395663e-05
3624.469	5.706737e-05
3627.225	5.763674e-05
3629.981	5.601855e-05
3632.737	4.535671e-05
3635.494	5.863806e-05
3638.25	5.268699e-05
3641.006	4.742083e-05
3643.762	7.247589e-05
3646.519	6.464809e-05
3649.275	6.858304e-05
3652.031	9.420088e-05
3654.787	7.608363e-05
3657.544	5.676224e-05
3660.3	7.240303e-05
3663.056	4.909924e-05
3665.812	7.696515e-05
3668.569	0.0001119729
3671.325	9.583096e-05
3674.081	4.874784e-05
3676.837	7.406516e-05
3679.594	5.838148e-05
3682.35	7.76515e-05
3685.106	0.0001322052
3687.862	9.930874e-05
3690.619	7.751857e-05
3693.375	0.0001040099
3696.131	0.0001327127
3698.887	0.0001175618
3701.644	0.0001307162
3704.4	0.0001415581
3707.156	0.0001243763
3709.912	0.0001020473
3712.669	7.988292e-05
3715.425	5.879567e-05
3718.181	0.0001418449
3720.937	0.0001787221
3723.694	0.000167569
3726.45	0.0001222234
3729.206	0.000114164
3731.962	0.0001373134
3734.719	0.0001688385
3737.475	0.0001692676
3740.231	0.0002866747
3742.987	0.0006588858
3745.744	0.0006582608
3748.5	0.0004722921
3751.256	0.0002978072
3754.012	0.0002281844
3756.769	0.0002366011
3759.525	0.0001686688
3762.281	8.85011e-05
3765.037	0.000163072
3767.794	0.0002040469
3770.55	0.0002056156
3773.306	0.0002185357
3776.062	0.0001833051
3778.819	0.0001550242
3781.575	0.0002203928
3784.331	0.0002395892
3787.087	0.0002605254
3789.844	0.000209095
3792.6	0.0001794494
3795.356	0.0002841674
3798.112	0.0002133246
3800.869	0.0001165858
3803.625	0.0002633488
3806.381	0.0002959002
3809.137	0.0003166148
3811.894	0.0004320486
3814.65	0.00042569
3817.406	0.0004957461
3820.162	0.0006700983
3822.919	0.0006796272
3825.675	0.0009382398
3828.431	0.001540925
3831.187	0.002459808
3833.944	0.001554983
3836.7	0.0009586474
3839.456	0.0007502038
3842.212	0.0006848018
3844.969	0.0004405802
3847.725	0.000379401
3850.481	0.0003426344
3853.237	0.0002488043
3855.994	0.0002767269
3858.75	0.0002816831
3861.506	0.0002459827
3864.262	0.000273637
3867.019	0.00022655
3869.775	0.0002033964
3872.531	0.0002067321
3875.287	0.0001685054
3878.044	0.000152217
3880.8	0.0001637166
3883.556	0.0001096444
3886.312	0.0001176096
3889.069	0.0001358236
3891.825	0.0001033889
3894.581	8.904271e-05
3897.337	9.308977e-05
3900.094	5.187644e-05
3902.85	7.091658e-05
3905.606	7.289695e-05
3908.362	4.779071e-05
3911.119	4.956424e-05
3913.875	5.807527e-05
3916.631	5.566192e-05
3919.387	5.419333e-05
3922.144	9.458068e-05
3924.9	0.0001099178
3927.656	9.731343e-05
3930.412	9.874606e-05
3933.169	9.290523e-05
3935.925	5.22402e-05
3938.681	9.256841e-05
3941.437	0.0001011765
3944.194	8.047834e-05
3946.95	9.139902e-05
3949.706	8.709363e-05
3952.462	8.352268e-05
3955.219	9.987839e-05
3957.975	8.380628e-05
3960.731	0.0001011231
3963.487	0.00012084
3966.244	9.823575e-05
3969	0.000119601
3971.756	0.000154112
3974.512	0.0001398402
3977.269	0.0001202968
3980.025	0.0001359654
3982.781	0.0001301634
3985.537	0.0001993506
3988.294	0.0002455959
3991.05	0.0002251941
3993.806	0.0002344711
3996.562	0.0002401691
3999.319	0.0001818543
4002.075	0.0001776277
4004.831	0.0002494789
4007.587	0.0001960726
4010.344	0.0001439062
4013.1	0.0003422108
4015.856	0.0005304525
4018.612	0.0003419525
4021.369	0.0002190677
4024.125	0.0001017746
4026.881	7.748584e-05
4029.637	0.0001083488
4032.394	0.0001050283
4035.15	6.933519e-05
4037.906	4.161927e-05
4040.662	9.655497e-05
4043.419	8.631476e-05
4046.175	6.666354e-05
4048.931	0.0001147006
4051.687	0.000111518
4054.444	7.548346e-05
4057.2	8.848563e-05
4059.956	9.314909e-05
4062.712	5.352235e-05
4065.469	7.359803e-05
4068.225	8.190578e-05
4070.981	7.634376e-05
4073.737	0.0001048376
4076.494	0.0001021978
4079.25	8.098569e-05
4082.006	0.000109532
4084.762	0.000100199
4087.519	6.707259e-05
4090.275	8.101486e-05
4093.031	6.753088e-05
4095.787	7.409288e-05
4098.543	0.0001017129
4101.3	8.523122e-05
4104.056	7.274534e-05
4106.812	9.77793e-05
4109.569	8.176848e-05
4112.325	5.78271e-05
4115.081	9.488777e-05
4117.837	7.480866e-05
4120.594	6.707552e-05
4123.35	9.825735e-05
4126.106	8.399394e-05
4128.862	4.956837e-05
4131.619	7.685482e-05
4134.375	6.816853e-05
4137.131	4.48289e-05
4139.887	7.125398e-05
4142.644	6.54964e-05
4145.4	3.767122e-05
4148.156	5.661736e-05
4150.913	5.756593e-05
4153.668	3.647436e-05
4156.425	5.331818e-05
4159.181	5.565437e-05
4161.938	4.993993e-05
4164.694	5.367316e-05
4167.45	5.462504e-05
4170.206	5.273258e-05
4172.962	5.205418e-05
4175.719	5.323373e-05
4178.475	5.391056e-05
4181.231	4.592314e-05
4183.987	4.232712e-05
4186.744	6.283059e-05
4189.5	6.943467e-05
4192.256	5.744415e-05
4195.012	4.385934e-05
4197.769	5.470366e-05
4200.525	4.731707e-05
4203.281	4.828773e-05
4206.038	6.163257e-05
4208.793	5.722832e-05
4211.55	5.485299e-05
4214.306	6.692989e-05
4217.062	5.49026e-05
4219.819	4.835334e-05
4222.575	6.040782e-05
4225.331	4.308748e-05
4228.087	7.703106e-05
4230.844	9.092564e-05
4233.6	7.175425e-05
4236.356	5.896888e-05
4239.112	7.356607e-05
4241.869	4.776748e-05
4244.625	7.286439e-05
4247.381	6.545588e-05
4250.137	6.092203e-05
4252.894	0.0001020511
4255.65	0.0001054165
4258.406	9.217219e-05
4261.162	0.0001072955
4263.918	0.0001101095
4266.675	7.302718e-05
4269.431	4.607975e-05
4272.188	4.013589e-05
4274.943	0.0001187522
4277.7	0.000170416
4280.456	0.0001388849
4283.212	0.000138033
4285.969	0.0001709116
4288.725	0.000188125
4291.481	0.0002408118
4294.237	0.0003158954
4296.994	0.0002771154
4299.75	0.000290141
4302.506	0.0005939074
4305.262	0.001248218
4308.019	0.001296003
4310.775	0.0009975645
4313.531	0.0008061521
4316.287	0.000595654
4319.043	0.0003744637
4321.8	0.0002272345
4324.556	0.0001815674
4327.312	0.0001815463
4330.068	0.0001867824
4332.825	0.0001544045
4335.581	0.0001159977
4338.337	0.0001014127
4341.094	5.469656e-05
4343.85	7.778437e-05
4346.606	8.318984e-05
4349.362	6.200926e-05
4352.119	8.022237e-05
4354.875	9.419469e-05
4357.631	5.623574e-05
4360.387	8.926075e-05
4363.144	8.458828e-05
4365.9	5.915425e-05
4368.656	6.953005e-05
4371.412	6.728664e-05
4374.168	4.571366e-05
4376.925	7.488481e-05
4379.681	5.900807e-05
4382.438	5.45441e-05
4385.193	6.785517e-05
4387.95	6.254512e-05
4390.706	9.657655e-05
4393.462	0.0001143061
4396.219	8.358654e-05
4398.975	8.67544e-05
4401.731	0.0001230996
4404.487	9.431133e-05
4407.244	0.00014586
4410	0.0001359159
4412.756	0.0001066459
4415.512	9.370245e-05
4418.269	0.0001020261
4421.025	7.551643e-05
4423.781	8.025506e-05
4426.537	8.469444e-05
4429.293	5.937711e-05
4432.05	8.957992e-05
4434.806	0.00011658
4437.562	0.000106869
4440.318	0.000142968
4443.075	0.0001582209
4445.831	0.0001206148
4448.587	0.0001188755
4451.344	0.0001728768
4454.1	0.000141132
4456.856	0.0001259005
4459.612	0.0001599919
4462.369	0.000152595
4465.125	0.0001086212
4467.881	0.0001586711
4470.637	0.0001715749
4473.394	0.0001140082
4476.15	0.0001491347
4478.906	0.0001571838
4481.662	7.511632e-05
4484.418	0.000135803
4487.175	0.000158967
4489.931	0.0001716189
4492.688	0.0002648858
4495.443	0.0002283029
4498.2	0.0003701266
4500.956	0.0007715875
4503.712	0.001159208
4506.469	0.001048371
4509.225	0.0005804698
4511.981	0.0002209471
4514.737	0.0002513155
4517.494	0.0001638237
4520.25	6.863083e-05
4523.006	0.0001373884
4525.762	0.0001050024
4528.519	7.135863e-05
4531.275	0.0001256656
4534.031	0.0001116322
4536.787	7.778368e-05
4539.543	7.643908e-05
4542.3	5.626379e-05
4545.056	6.75585e-05
4547.812	0.0001005704
4550.568	8.745008e-05
4553.325	6.363714e-05
4556.081	6.931299e-05
4558.837	6.488304e-05
4561.594	6.33288e-05
4564.35	4.701816e-05
4567.106	5.805215e-05
4569.862	6.186058e-05
4572.619	5.072306e-05
4575.375	3.387718e-05
4578.131	3.465987e-05
4580.887	3.830245e-05
4583.644	3.496757e-05
4586.4	3.65204e-05
4589.156	2.802256e-05
4591.912	3.333578e-05
4594.668	3.886317e-05
4597.425	3.76149e-05
4600.181	4.453471e-05
4602.938	3.920607e-05
4605.693	3.629098e-05
4608.45	4.174086e-05
4611.206	3.156703e-05
4613.962	2.493748e-05
4616.719	3.78439e-05
4619.475	3.684246e-05
4622.231	3.2045e-05
4624.987	2.592347e-05
4627.744	3.099902e-05
4630.5	4.386457e-05
4633.256	4.414318e-05
4636.012	3.054776e-05
4638.769	4.267466e-05
4641.525	4.505672e-05
4644.281	3.221861e-05
4647.037	4.584825e-05
4649.793	4.780236e-05
4652.55	3.069133e-05
4655.306	4.581623e-05
4658.062	4.697112e-05
4660.818	3.184556e-05
4663.575	3.746077e-05
4666.331	4.046829e-05
4669.087	3.29728e-05
4671.844	4.304143e-05
4674.6	4.359239e-05
4677.356	3.489368e-05
4680.112	3.800401e-05
4682.869	3.709838e-05
4685.625	2.838832e-05
4688.381	3.301572e-05
4691.137	2.980544e-05
4693.894	2.920495e-05
4696.65	3.711807e-05
4699.406	4.191228e-05
4702.162	4.671061e-05
4704.918	4.701404e-05
4707.675	3.536385e-05
4710.431	2.488831e-05
4713.188	3.667583e-05
4715.943	3.789295e-05
4718.7	5.108357e-05
4721.456	5.647944e-05
4724.212	4.262921e-05
4726.969	4.009437e-05
4729.725	5.693951e-05
4732.481	4.475558e-05
4735.237	3.73485e-05
4737.994	5.84441e-05
4740.75	5.584657e-05
4743.506	3.849216e-05
4746.262	4.380421e-05
4749.019	4.588263e-05
4751.775	3.881564e-05
4754.531	6.41137e-05
4757.287	8.573421e-05
4760.043	7.048876e-05
4762.8	3.474674e-05
4765.556	4.911015e-05
4768.312	5.130126e-05
4771.068	3.488228e-05
4773.825	3.74846e-05
4776.581	4.717134e-05
4779.337	3.622362e-05
4782.094	3.841953e-05
4784.85	4.305892e-05
4787.606	3.999447e-05
4790.362	3.175077e-05
4793.119	4.766113e-05
4795.875	5.302847e-05
4798.631	4.427301e-05
4801.387	4.243329e-05
4804.144	4.799987e-05
4806.9	4.900865e-05
4809.656	4.131053e-05
4812.412	3.736895e-05
4815.168	6.227806e-05
4817.925	6.83575e-05
4820.681	4.644092e-05
4823.438	5.067011e-05
4826.193	6.060886e-05
4828.95	5.288609e-05
4831.706	8.123061e-05
4834.462	0.0001015809
4837.219	7.677546e-05
4839.975	0.0001043045
4842.731	0.0001356144
4845.487	0.0001167987
4848.244	0.0001094637
4851	0.0001440515
4853.756	0.0001273641
4856.512	0.000178257
4859.269	0.0003290614
4862.025	0.0003959873
4864.781	0.0003295754
4867.537	0.0002796077
4870.293	0.000369717
4873.05	0.0004259302
4875.806	0.0004042006
4878.562	0.0005139351
4881.318	0.0007409896
4884.075	0.0008392051
4886.831	0.0006550407
4889.587	0.0004342128
4892.344	0.0003035407
4895.1	0.0002474769
4897.856	0.0001805868
4900.612	0.0001237536
4903.369	0.0001301413
4906.125	0.0001008354
4908.881	4.722396e-05
4911.637	5.162495e-05
4914.394	4.94517e-05
4917.15	5.915945e-05
4919.906	6.35383e-05
4922.662	3.978799e-05
4925.418	5.943627e-05
4928.175	6.193718e-05
4930.931	4.164899e-05
4933.688	6.105247e-05
4936.443	6.136528e-05
4939.2	3.728648e-05
4941.956	5.464056e-05
4944.712	5.300246e-05
4947.469	3.316871e-05
4950.225	5.260526e-05
4952.981	5.059476e-05
4955.737	3.384934e-05
4958.494	4.316064e-05
4961.25	3.431127e-05
4964.006	4.318133e-05
4966.762	5.305295e-05
4969.519	4.238719e-05
4972.275	4.946092e-05
4975.031	6.239727e-05
4977.787	5.079164e-05
4980.543	4.507612e-05
4983.3	5.952316e-05
4986.056	5.262049e-05
4988.812	3.238392e-05
4991.568	4.727145e-05
4994.325	4.518771e-05
4997.081	2.918712e-05
4999.837	4.244442e-05
5002.594	4.728765e-05
5005.35	3.777953e-05
5008.106	3.488526e-05
5010.862	4.032884e-05
5013.619	3.832804e-05
5016.375	3.80786e-05
5019.131	3.947044e-05
5021.887	3.493383e-05
5024.644	3.778422e-05
5027.4	4.238319e-05
5030.156	3.992112e-05
5032.912	3.94806e-05
5035.668	4.048782e-05
5038.425	3.204391e-05
5041.181	4.126952e-05
5043.938	4.744325e-05
5046.693	3.998001e-05
5049.45	3.5955e-05
5052.206	4.073927e-05
5054.962	3.708288e-05
5057.719	4.053422e-05
5060.475	4.442527e-05
5063.231	3.683894e-05
5065.987	3.925368e-05
5068.744	4.181069e-05
5071.5	3.516752e-05
5074.256	3.840096e-05
5077.012	4.179179e-05
5079.769	3.647374e-05
5082.525	3.902206e-05
5085.281	4.132188e-05
5088.037	3.848962e-05
5090.793	3.847198e-05
5093.55	3.881642e-05
5096.306	3.716702e-05
5099.062	3.741957e-05
5101.818	4.005574e-05
5104.575	3.922984e-05
5107.331	3.604504e-05
5110.087	3.964004e-05
5112.844	4.233906e-05
5115.6	3.618711e-05
5118.356	3.741527e-05
5121.112	4.093625e-05
5123.869	3.390018e-05
5126.625	3.896824e-05
5129.381	4.522872e-05
5132.137	3.592286e-05
5134.894	3.746081e-05
5137.65	4.373187e-05
5140.406	3.491004e-05
5143.162	3.869967e-05
5145.918	4.528432e-05
5148.675	3.5328e-05
5151.431	4.084069e-05
5154.188	4.798885e-05
5156.943	3.689754e-05
5159.7	3.521941e-05
5162.456	4.38252e-05
5165.212	3.691699e-05
5167.969	3.921501e-05
5170.725	4.151576e-05
5173.481	3.425393e-05
5176.237	4.553692e-05
5178.994	4.350095e-05
5181.75	2.905479e-05
5184.506	4.954856e-05
5187.262	4.916064e-05
5190.019	3.240783e-05
5192.775	5.724933e-05
5195.531	5.977271e-05
5198.287	4.630619e-05
5201.043	6.578058e-05
5203.8	7.476801e-05
5206.556	5.908631e-05
5209.312	5.664761e-05
5212.068	6.503478e-05
5214.825	5.063777e-05
5217.581	3.130441e-05
5220.337	4.783806e-05
5223.094	4.466938e-05
5225.85	3.121693e-05
5228.606	4.067299e-05
5231.362	3.934753e-05
5234.119	3.291111e-05
5236.875	3.80456e-05
5239.631	4.082649e-05
5242.387	3.800725e-05
5245.144	3.636891e-05
5247.9	3.853504e-05
5250.656	3.815045e-05
5253.412	3.618129e-05
5256.168	3.853798e-05
5258.925	3.796972e-05
5261.681	3.542348e-05
5264.438	3.821365e-05
5267.193	3.778981e-05
5269.95	3.6736e-05
5272.706	3.998324e-05
5275.462	3.800317e-05
5278.219	3.531602e-05
5280.975	3.977577e-05
5283.731	3.900272e-05
5286.487	3.696703e-05
5289.244	3.806579e-05
5292	3.663468e-05
5294.756	3.775047e-05
5297.512	3.889371e-05
5300.269	3.672802e-05
5303.025	3.855612e-05
5305.781	3.897516e-05
5308.537	3.58439e-05
5311.293	3.815436e-05
5314.05	3.904501e-05
5316.806	3.643447e-05
5319.562	3.823227e-05
5322.318	3.887124e-05
5325.075	3.708446e-05
5327.831	3.801353e-05
5330.587	3.809177e-05
5333.344	3.767935e-05
5336.1	3.805998e-05
5338.856	3.713113e-05
5341.612	3.708008e-05
5344.369	3.752708e-05
5347.125	3.695989e-05
5349.881	3.796501e-05
5352.637	3.782542e-05
5355.394	3.672404e-05
5358.15	3.840498e-05
5360.906	3.80828e-05
5363.662	3.655531e-05
5366.418	3.838718e-05
5369.175	3.801778e-05
5371.931	3.676485e-05
5374.688	3.835778e-05
5377.443	3.789467e-05
5380.2	3.698562e-05
5382.956	3.829892e-05
5385.712	3.780703e-05
5388.469	3.731511e-05
5391.225	3.834745e-05
5393.981	3.751105e-05
5396.737	3.715093e-05
5399.494	3.802261e-05
5402.25	3.716729e-05
5405.006	3.722722e-05
5407.762	3.836888e-05
5410.519	3.789475e-05
5413.275	3.761127e-05
5416.031	3.76208e-05
5418.787	3.719535e-05
5421.543	3.784821e-05
5424.3	3.792744e-05
5427.056	3.710926e-05
5429.812	3.802402e-05
5432.568	3.84793e-05
5435.325	3.698256e-05
5438.081	3.691515e-05
5440.837	3.810533e-05
5443.594	3.766944e-05
5446.35	3.721154e-05
5449.106	3.791836e-05
5451.862	3.787902e-05
5454.619	3.727087e-05
5457.375	3.750322e-05
5460.131	3.788827e-05
5462.887	3.742281e-05
5465.644	3.692036e-05
5468.4	3.780448e-05
5471.156	3.903902e-05
5473.912	3.805469e-05
5476.668	3.696226e-05
5479.425	3.770889e-05
5482.181	3.791154e-05
5484.938	3.759505e-05
5487.693	3.793092e-05
5490.45	3.778489e-05
5493.206	3.759811e-05
5495.962	3.8038e-05
5498.719	3.758688e-05
5501.475	3.725552e-05
5504.231	3.766132e-05
5506.987	3.756684e-05
5509.744	3.745389e-05
5512.5	1.872777e-05
