0	7.07671e-05
2.75625	0.0001462782
5.5125	0.0001468188
8.268749	0.0001447292
11.025	0.0001434065
13.78125	0.0001418546
16.5375	0.0001460675
19.29375	0.0001491101
22.05	0.000147647
24.80625	0.0001466891
27.5625	0.0001525558
30.31875	0.0001610086
33.075	0.000152048
35.83125	0.0001531228
38.5875	0.0001551233
41.34375	0.0001610217
44.1	0.0001604741
46.85625	0.0001552677
49.6125	0.0001646637
52.36875	0.0001685913
55.125	0.0001754948
57.88125	0.0001684905
60.6375	0.0001719261
63.39375	0.0001933158
66.14999	0.0002013722
68.90625	0.0001947852
71.6625	0.0001949823
74.41875	0.0002002594
77.175	0.0002130792
79.93124	0.000207221
82.6875	0.0002623433
85.44375	0.0002978422
88.2	0.000360601
90.95625	0.000420904
93.71249	0.0004589227
96.46875	0.0006052981
99.225	0.0006953668
101.9812	0.0006531191
104.7375	0.0003721456
107.4937	0.0002637692
110.25	0.0003616894
113.0062	0.0004274773
115.7625	0.0007141564
118.5187	0.0009476636
121.275	0.00127535
124.0312	0.001498333
126.7875	0.001428459
129.5437	0.001547827
132.3	0.001283466
135.0562	0.0008463772
137.8125	0.000905023
140.5687	0.0009846354
143.325	0.001301219
146.0812	0.001309384
148.8375	0.001171946
151.5938	0.001255909
154.35	0.0015131
157.1062	0.001118021
159.8625	0.001212391
162.6187	0.001305932
165.375	0.001652456
168.1312	0.001313127
170.8875	0.001805836
173.6437	0.001778781
176.4	0.001532514
179.1562	0.001280111
181.9125	0.001928447
184.6687	0.001601493
187.425	0.001457671
190.1812	0.001423307
192.9375	0.001273373
195.6937	0.002237115
198.45	0.001244055
201.2062	0.0009063791
203.9625	0.0008904
206.7188	0.0006599411
209.475	0.000624035
212.2312	0.0005992993
214.9875	0.0006541576
217.7437	0.0006515791
220.5	0.0007294525
223.2562	0.0006645225
226.0125	0.0008483627
228.7687	0.0006128428
231.525	0.0005719217
234.2812	0.0005576796
237.0375	0.0006275664
239.7937	0.0005931123
242.55	0.0005010624
245.3062	0.0004659128
248.0625	0.0003830183
250.8187	0.0003406275
253.575	0.0003314705
256.3312	0.0002343873
259.0875	0.0001903817
261.8438	0.0002314598
264.6	0.0001800209
267.3562	0.000188343
270.1125	0.0002151714
272.8687	0.0001237674
275.625	0.0002015639
278.3812	0.0002900349
281.1375	0.0002374519
283.8937	0.0002781362
286.65	0.0003298809
289.4062	0.0003069143
292.1625	0.0004300878
294.9187	0.0003843482
297.675	0.0004405286
300.4312	0.0004902462
303.1875	0.0005201656
305.9437	0.0005912894
308.7	0.0007099712
311.4562	0.001223694
314.2125	0.0003474775
316.9688	0.0003309311
319.725	0.0005774668
322.4812	0.0005431061
325.2375	0.0007432033
327.9937	0.0005189587
330.75	0.0007920602
333.5062	0.0006658501
336.2625	0.0006812835
339.0187	0.0006143774
341.775	0.0008888211
344.5312	0.001469726
347.2875	0.002730688
350.0437	0.002455232
352.8	0.001634561
355.5562	0.001513738
358.3125	0.001142549
361.0687	0.0009484584
363.825	0.001059417
366.5812	0.001084557
369.3375	0.00139811
372.0938	0.000865869
374.85	0.000742332
377.6062	0.000885137
380.3625	0.0009802339
383.1187	0.0008256306
385.875	0.0007797348
388.6312	0.0005057241
391.3875	0.001351179
394.1437	0.0009177743
396.9	0.0005935089
399.6562	0.0004121189
402.4125	0.0005802283
405.1687	0.0007081595
407.925	0.0008977742
410.6812	0.0007740473
413.4375	0.0009192909
416.1937	0.001083171
418.95	0.0008162333
421.7062	0.0007163319
424.4625	0.0008406758
427.2188	0.0007265994
429.975	0.0005974345
432.7312	0.0005944247
435.4875	0.0004858147
438.2437	0.0009774059
441	0.0009729329
443.7562	0.0009016266
446.5125	0.0008061196
449.2687	0.0006963942
452.025	0.0006934183
454.7812	0.0005632689
457.5375	0.0004780224
460.2937	0.0005867403
463.05	0.0004110925
465.8062	0.0005183218
468.5625	0.0003552868
471.3187	0.0003609965
474.075	0.0003919004
476.8312	0.0004612192
479.5875	0.0004498446
482.3437	0.0002699351
485.1	0.0002766215
487.8562	0.0003764078
490.6125	0.0003814158
493.3687	0.0004686686
496.125	0.0004048212
498.8812	0.0003679395
501.6375	0.0004093971
504.3937	0.0004489704
507.15	0.0005984395
509.9062	0.0006745012
512.6625	0.0008018834
515.4188	0.0007305391
518.175	0.000533327
520.9312	0.0005470618
523.6875	0.0009931006
526.4437	0.0009781478
529.2	0.0008385284
531.9562	0.0007070937
534.7125	0.0007283063
537.4688	0.0008699067
540.225	0.0009194094
542.9812	0.0006999662
545.7375	0.0004773333
548.4937	0.0007373135
551.25	0.001048106
554.0062	0.001603907
556.7625	0.001293492
559.5187	0.001563738
562.275	0.00175426
565.0312	0.001594309
567.7875	0.001338465
570.5437	0.001438268
573.3	0.00173143
576.0562	0.00201104
578.8125	0.001778267
581.5687	0.001273366
584.325	0.0008929014
587.0812	0.001112627
589.8375	0.001540112
592.5938	0.001101872
595.35	0.0006092368
598.1062	0.00100927
600.8625	0.001155715
603.6187	0.001061406
606.375	0.001093183
609.1312	0.001066257
611.8875	0.0009984876
614.6437	0.0008160452
617.4	0.00128016
620.1562	0.001767372
622.9125	0.00165204
625.6687	0.001165645
628.425	0.001217533
631.1812	0.001481489
633.9375	0.00208231
636.6937	0.001827008
639.45	0.001424721
642.2062	0.002870198
644.9625	0.0038657
647.7188	0.004338083
650.475	0.003971417
653.2312	0.006296448
655.9875	0.01124993
658.7437	0.03017894
661.5	0.03705211
664.2562	0.01914896
667.0125	0.01415067
669.7687	0.009389004
672.525	0.00529343
675.2812	0.003474916
678.0375	0.003557902
680.7937	0.003622077
683.55	0.002954038
686.3062	0.002142612
689.0625	0.001617951
691.8187	0.001452175
694.575	0.001744789
697.3312	0.002156423
700.0875	0.002514984
702.8438	0.002356257
705.6	0.001815157
708.3562	0.001508292
711.1125	0.001742283
713.8687	0.001770971
716.625	0.001271428
719.3812	0.001106612
722.1375	0.002387116
724.8937	0.003210155
727.65	0.0036675
730.4062	0.003519063
733.1625	0.00368942
735.9187	0.004041672
738.675	0.004376771
741.4312	0.004407122
744.1875	0.003920346
746.9437	0.004031196
749.7	0.004397129
752.4562	0.005151814
755.2125	0.005594956
757.9688	0.005782438
760.725	0.005924652
763.4812	0.0057926
766.2375	0.006105323
768.9937	0.006075417
771.75	0.005921045
774.5062	0.005319707
777.2625	0.003943729
780.0187	0.004982594
782.775	0.006516454
785.5312	0.01231014
788.2875	0.01474815
791.0437	0.00582698
793.8	0.003167775
796.5562	0.001892069
799.3125	0.001795322
802.0687	0.00142264
804.825	0.001398815
807.5812	0.001313521
810.3375	0.001384521
813.0938	0.001462862
815.85	0.001413585
818.6062	0.001088376
821.3625	0.0007549443
824.1187	0.0006847153
826.875	0.0009451963
829.6312	0.0009773524
832.3875	0.001016197
835.1437	0.0009841496
837.9	0.0008002076
840.6562	0.0007416048
843.4125	0.0007715566
846.1687	0.0008398859
848.925	0.0007301862
851.6812	0.0005376724
854.4375	0.0004196271
857.1937	0.000540118
859.95	0.0005213884
862.7062	0.0003942739
865.4625	0.000267822
868.2188	0.0004680407
870.975	0.0004757124
873.7312	0.0002925595
876.4875	0.0002617327
879.2437	0.0004774488
882	0.0006710099
884.7562	0.0006374572
887.5125	0.0005411512
890.2687	0.0005719724
893.025	0.0006644567
895.7812	0.0006239612
898.5375	0.0005422201
901.2937	0.0005748111
904.05	0.0006747623
906.8062	0.0006666146
909.5624	0.0005545236
912.3187	0.0005056127
915.075	0.0006834001
917.8312	0.0008012491
920.5875	0.0006577725
923.3437	0.0004992679
926.1	0.000565477
928.8562	0.0007020095
931.6125	0.0006713667
934.3687	0.0004816816
937.1249	0.0003553354
939.8812	0.0007645685
942.6375	0.0008805097
945.3937	0.0006871389
948.15	0.0006421295
950.9062	0.00048739
953.6625	0.0004654748
956.4187	0.0005552444
959.175	0.000483335
961.9312	0.0004573607
964.6874	0.000488693
967.4437	0.0004472852
970.2	0.0007443489
972.9562	0.0007414626
975.7125	0.0006254672
978.4687	0.0009245711
981.225	0.001017399
983.9812	0.00133949
986.7375	0.002333668
989.4937	0.003420565
992.2499	0.002749788
995.0062	0.001776825
997.7625	0.001377271
1000.519	0.001518177
1003.275	0.001179905
1006.031	0.0006832938
1008.787	0.0009045692
1011.544	0.000871454
1014.3	0.0006915762
1017.056	0.0008485204
1019.812	0.000900863
1022.569	0.0009208816
1025.325	0.0007988982
1028.081	0.00124705
1030.838	0.001684522
1033.594	0.001770563
1036.35	0.001625329
1039.106	0.002928624
1041.862	0.004837247
1044.619	0.00787825
1047.375	0.01510848
1050.131	0.02011039
1052.887	0.007826023
1055.644	0.005394085
1058.4	0.003671976
1061.156	0.002467243
1063.912	0.002392624
1066.669	0.002486802
1069.425	0.002248811
1072.181	0.001759566
1074.938	0.001339271
1077.694	0.001048802
1080.45	0.0009554139
1083.206	0.0008388716
1085.962	0.0008446136
1088.719	0.0006915384
1091.475	0.0006056285
1094.231	0.0006896714
1096.987	0.0007610199
1099.744	0.000761033
1102.5	0.0007127791
1105.256	0.0005391224
1108.012	0.0004589806
1110.769	0.0006208962
1113.525	0.0007008653
1116.281	0.0005576713
1119.037	0.0004523835
1121.794	0.0005241121
1124.55	0.0005571346
1127.306	0.0005176058
1130.062	0.0003609747
1132.819	0.0003609872
1135.575	0.0004710919
1138.331	0.0004412429
1141.087	0.0004268356
1143.844	0.0004138508
1146.6	0.0003490125
1149.356	0.0003677364
1152.112	0.0004061785
1154.869	0.0003527217
1157.625	0.0003164202
1160.381	0.0003260587
1163.137	0.0004214718
1165.894	0.0005149078
1168.65	0.0004634006
1171.406	0.0003925963
1174.162	0.0006943439
1176.919	0.001118952
1179.675	0.001021531
1182.431	0.000695731
1185.188	0.000480754
1187.944	0.0005658722
1190.7	0.0005623468
1193.456	0.0004155046
1196.212	0.0004423403
1198.969	0.0004613618
1201.725	0.0005241561
1204.481	0.0005068492
1207.237	0.0004255645
1209.994	0.0003595561
1212.75	0.0003892451
1215.506	0.0003432997
1218.262	0.0002761721
1221.019	0.0003945118
1223.775	0.0005092018
1226.531	0.0005223678
1229.287	0.0004715139
1232.044	0.0004161817
1234.8	0.0004434415
1237.556	0.0004796833
1240.312	0.0004461447
1243.069	0.0003371338
1245.825	0.0003299176
1248.581	0.0003559415
1251.337	0.0003754842
1254.094	0.0003702783
1256.85	0.0002531973
1259.606	0.0002804942
1262.362	0.000350681
1265.119	0.0003494907
1267.875	0.0003313838
1270.631	0.0002886362
1273.387	0.0003165719
1276.144	0.0003517721
1278.9	0.000304975
1281.656	0.0002620715
1284.412	0.0003562032
1287.169	0.0003637247
1289.925	0.0003466951
1292.681	0.0003216742
1295.438	0.0002976887
1298.194	0.0003151483
1300.95	0.0003220738
1303.706	0.0003189089
1306.462	0.0003015903
1309.219	0.0003602568
1311.975	0.0004327077
1314.731	0.0005249702
1317.487	0.0009370702
1320.244	0.002064084
1323	0.004566659
1325.756	0.001314243
1328.512	0.0006198256
1331.269	0.000564184
1334.025	0.0004132902
1336.781	0.0004341721
1339.537	0.0005075224
1342.294	0.0004832896
1345.05	0.000421797
1347.806	0.0002682256
1350.562	0.0002531808
1353.319	0.0003517098
1356.075	0.0004242672
1358.831	0.0003787465
1361.587	0.0002735236
1364.344	0.0002595612
1367.1	0.000357064
1369.856	0.0003973024
1372.612	0.0003262797
1375.369	0.0002410912
1378.125	0.0002311719
1380.881	0.0002784152
1383.637	0.0002945059
1386.394	0.0002868859
1389.15	0.0002212964
1391.906	0.0001944039
1394.662	0.0002606991
1397.419	0.0002794201
1400.175	0.0002566524
1402.931	0.0002132625
1405.688	0.0001643009
1408.444	0.000227206
1411.2	0.0002146134
1413.956	0.0001912632
1416.712	0.0001626197
1419.469	0.0001964186
1422.225	0.0001874886
1424.981	0.0001678143
1427.737	0.000161763
1430.494	0.0001325507
1433.25	0.000155452
1436.006	0.00021771
1438.762	0.0002327299
1441.519	0.000205473
1444.275	0.0002084828
1447.031	0.0002125368
1449.787	0.0002037096
1452.544	0.0002199872
1455.3	0.0001818362
1458.056	0.0001556082
1460.812	0.000232395
1463.569	0.0002882511
1466.325	0.0002929676
1469.081	0.0002391818
1471.837	0.0001953942
1474.594	0.0002373482
1477.35	0.0002826151
1480.106	0.0002838357
1482.862	0.0001988033
1485.619	0.0001958713
1488.375	0.0002642708
1491.131	0.0002852598
1493.887	0.0002625877
1496.644	0.0001984188
1499.4	0.0002379126
1502.156	0.0002801641
1504.912	0.0002919593
1507.669	0.0002869542
1510.425	0.0002769466
1513.181	0.0002170541
1515.938	0.0002052366
1518.694	0.0002615768
1521.45	0.0003015668
1524.206	0.0002461282
1526.962	0.0001890588
1529.719	0.000316339
1532.475	0.0003578934
1535.231	0.0003419512
1537.987	0.0002562215
1540.744	0.0003493966
1543.5	0.0004709578
1546.256	0.000530717
1549.012	0.0004602259
1551.769	0.0004543799
1554.525	0.0007210498
1557.281	0.0008465812
1560.037	0.0007587424
1562.794	0.0008573052
1565.55	0.00179243
1568.306	0.003062475
1571.062	0.004579667
1573.819	0.005566587
1576.575	0.007064302
1579.331	0.004240106
1582.087	0.002795295
1584.844	0.001915761
1587.6	0.001400105
1590.356	0.001257198
1593.112	0.001066188
1595.869	0.000964367
1598.625	0.0005826739
1601.381	0.0005444962
1604.137	0.0005453062
1606.894	0.0004967735
1609.65	0.0004479123
1612.406	0.0004047218
1615.162	0.0004263377
1617.919	0.0004079555
1620.675	0.0003220199
1623.431	0.0002283806
1626.188	0.0001929882
1628.944	0.0002259161
1631.7	0.0002123553
1634.456	0.0002773821
1637.212	0.000301738
1639.969	0.0002831879
1642.725	0.0002606978
1645.481	0.0002052769
1648.237	0.0001888098
1650.994	0.0002016374
1653.75	0.0001681861
1656.506	0.0001292066
1659.262	7.937358e-05
1662.019	9.074244e-05
1664.775	9.98525e-05
1667.531	9.955117e-05
1670.287	0.0001186463
1673.044	0.0001120593
1675.8	0.000102703
1678.556	0.0001010569
1681.312	0.0001156258
1684.069	0.0001191963
1686.825	9.044581e-05
1689.581	7.599293e-05
1692.337	0.0001004757
1695.094	0.0001166399
1697.85	0.0001034597
1700.606	9.758944e-05
1703.362	7.005089e-05
1706.119	8.272965e-05
1708.875	0.000140117
1711.631	0.0001253993
1714.387	0.0001418773
1717.144	0.0001387385
1719.9	0.0001146811
1722.656	9.007021e-05
1725.412	7.825056e-05
1728.169	0.0001176697
1730.925	0.0001331695
1733.681	0.0001336077
1736.438	0.0001122007
1739.194	9.324243e-05
1741.95	0.000103564
1744.706	0.0001205794
1747.462	0.0001114903
1750.219	9.381516e-05
1752.975	8.412305e-05
1755.731	8.821843e-05
1758.487	9.829859e-05
1761.244	0.0001192971
1764	0.0001248101
1766.756	9.969257e-05
1769.512	8.996478e-05
1772.269	7.830735e-05
1775.025	8.142454e-05
1777.781	9.692016e-05
1780.537	0.0001088269
1783.294	9.887068e-05
1786.05	8.933503e-05
1788.806	9.80466e-05
1791.562	0.0001313027
1794.319	0.0001274123
1797.075	0.0001226063
1799.831	9.478717e-05
1802.587	0.0001196478
1805.344	0.0001451705
1808.1	0.0001608976
1810.856	0.0001294582
1813.612	7.988992e-05
1816.369	0.000127672
1819.125	0.000163285
1821.881	0.0001473889
1824.637	8.470001e-05
1827.394	0.0001274277
1830.15	0.0001795626
1832.906	0.0001759721
1835.662	0.0001314583
1838.419	0.0001384793
1841.175	0.0002298014
1843.931	0.0002663317
1846.687	0.0002378193
1849.444	0.0001999673
1852.2	0.0002637454
1854.956	0.0003359313
1857.712	0.000324551
1860.469	0.0002615937
1863.225	0.000260458
1865.981	0.000319976
1868.737	0.0003445297
1871.494	0.0003113816
1874.25	0.0003065896
1877.006	0.0003786842
1879.762	0.000449656
1882.519	0.0004337164
1885.275	0.0003183297
1888.031	0.0002841618
1890.787	0.0003771709
1893.544	0.0004248938
1896.3	0.0003758375
1899.056	0.0002997637
1901.812	0.0003460397
1904.569	0.0004038652
1907.325	0.0003944228
1910.081	0.0003172056
1912.837	0.0003415276
1915.594	0.0004298309
1918.35	0.0004428531
1921.106	0.0003497683
1923.862	0.0002263822
1926.619	0.0003415264
1929.375	0.0004347477
1932.131	0.0003678136
1934.887	0.0002535019
1937.644	0.0003188258
1940.4	0.0004314616
1943.156	0.0004039243
1945.912	0.0002696142
1948.669	0.0002950163
1951.425	0.0003708087
1954.181	0.0003854695
1956.937	0.0003011292
1959.694	0.0005032443
1962.45	0.0008041365
1965.206	0.0008454422
1967.962	0.0007120048
1970.719	0.0007416106
1973.475	0.001190724
1976.231	0.001578146
1978.987	0.001735471
1981.744	0.001576857
1984.5	0.002045643
1987.256	0.002918006
1990.012	0.005405294
1992.769	0.01045989
1995.525	0.005011071
1998.281	0.003198096
2001.037	0.001682883
2003.794	0.0009378025
2006.55	0.00117956
2009.306	0.00130283
2012.062	0.00103969
2014.819	0.0007175626
2017.575	0.0007041901
2020.331	0.0008274367
2023.087	0.0008031321
2025.844	0.0006270921
2028.6	0.0004461081
2031.356	0.0005084628
2034.112	0.0005286577
2036.869	0.0004505593
2039.625	0.0003948021
2042.381	0.0004073243
2045.137	0.0004485305
2047.894	0.0003868743
2050.65	0.0002850234
2053.406	0.0002464786
2056.162	0.0002734901
2058.919	0.0003094884
2061.675	0.0002764508
2064.431	0.0002286565
2067.188	0.0002606952
2069.944	0.0003194991
2072.7	0.0003194983
2075.456	0.0002754389
2078.212	0.0002541192
2080.969	0.0002367783
2083.725	0.0002743537
2086.481	0.0002568268
2089.238	0.0003628461
2091.994	0.0005353467
2094.75	0.0005978044
2097.506	0.0007468705
2100.262	0.0006901623
2103.019	0.0005151154
2105.775	0.001218496
2108.531	0.001296498
2111.287	0.0008550693
2114.044	0.0006934911
2116.8	0.0004566826
2119.556	0.0002604573
2122.312	0.0002645378
2125.069	0.0002223854
2127.825	0.0001762599
2130.581	0.0001636353
2133.337	0.0002039023
2136.094	0.0002448639
2138.85	0.0002167095
2141.606	0.0001735104
2144.362	0.0001097139
2147.119	0.0001253183
2149.875	0.0001440465
2152.631	0.0001177215
2155.387	8.276252e-05
2158.144	9.446627e-05
2160.9	0.0001210649
2163.656	0.0001066602
2166.412	0.0001018278
2169.169	9.534936e-05
2171.925	9.498405e-05
2174.681	8.232673e-05
2177.438	0.0001014226
2180.194	0.0001076714
2182.95	0.0001045098
2185.706	7.810195e-05
2188.462	9.007372e-05
2191.219	0.0001231289
2193.975	0.0001339224
2196.731	0.0001132199
2199.487	8.846088e-05
2202.244	0.0001150992
2205	0.0001374437
2207.756	0.0001292865
2210.512	8.630831e-05
2213.269	8.123209e-05
2216.025	0.0001131877
2218.781	0.0001270366
2221.537	0.0001115722
2224.294	0.000116717
2227.05	0.0001380673
2229.806	0.0001387842
2232.562	0.0001157311
2235.319	8.333044e-05
2238.075	0.0001062947
2240.831	0.0001493326
2243.587	0.0001559335
2246.344	0.0001519719
2249.1	0.0001677196
2251.856	0.0001595013
2254.612	0.0001556842
2257.369	0.0001404212
2260.125	0.0001393695
2262.881	0.0001728173
2265.637	0.0001915983
2268.394	0.0001839196
2271.15	0.0001680632
2273.906	0.0001500317
2276.662	0.0001732317
2279.419	0.0001805186
2282.175	0.000151394
2284.931	0.0001064134
2287.688	0.0001242525
2290.444	0.0001568104
2293.2	0.0001493285
2295.956	0.0001281677
2298.712	0.0001401411
2301.469	0.0001544234
2304.225	0.0001847353
2306.981	0.0001421985
2309.737	0.000115399
2312.494	9.794188e-05
2315.25	0.0001033387
2318.006	8.849336e-05
2320.762	8.605229e-05
2323.519	7.025646e-05
2326.275	7.824477e-05
2329.031	0.0001044066
2331.787	0.0001269125
2334.544	0.0001112409
2337.3	7.447605e-05
2340.056	0.0001082759
2342.812	0.0001422599
2345.569	0.0001593963
2348.325	0.0001359491
2351.081	0.0001951427
2353.837	0.0003297987
2356.594	0.0004232546
2359.35	0.000383126
2362.106	0.0002962088
2364.862	0.0003729771
2367.619	0.0007545156
2370.375	0.001430485
2373.131	0.002393344
2375.887	0.00177345
2378.644	0.001255649
2381.4	0.0008727208
2384.156	0.0005809403
2386.912	0.0004695751
2389.669	0.0004528389
2392.425	0.0004620989
2395.181	0.0004325967
2397.938	0.0004175339
2400.694	0.0004118747
2403.45	0.0003620143
2406.206	0.0002973333
2408.962	0.0001990348
2411.719	0.0002381004
2414.475	0.000283538
2417.231	0.000281193
2419.987	0.0002265773
2422.744	0.000194754
2425.5	0.0002618219
2428.256	0.0002392886
2431.012	0.0001823677
2433.769	0.0001582839
2436.525	0.0001710212
2439.281	0.0001706743
2442.037	0.0001426313
2444.794	9.129972e-05
2447.55	7.472511e-05
2450.306	0.0001106465
2453.062	0.0001207804
2455.819	8.90995e-05
2458.575	0.0001072919
2461.331	0.0001511712
2464.087	0.0001558887
2466.844	0.0001386841
2469.6	0.0001053656
2472.356	0.000105798
2475.112	0.0001481503
2477.869	0.0001639194
2480.625	0.0001590775
2483.381	0.0001424237
2486.137	0.0001366911
2488.894	0.000132176
2491.65	0.0001158438
2494.406	9.84193e-05
2497.162	7.503271e-05
2499.919	9.192571e-05
2502.675	0.0001080623
2505.431	0.0001142507
2508.188	9.974209e-05
2510.944	9.270018e-05
2513.7	8.486863e-05
2516.456	9.529528e-05
2519.212	8.773959e-05
2521.969	9.481239e-05
2524.725	9.732411e-05
2527.481	8.182049e-05
2530.237	6.581809e-05
2532.994	5.71381e-05
2535.75	7.590209e-05
2538.506	7.942603e-05
2541.262	8.706002e-05
2544.019	9.233306e-05
2546.775	7.423742e-05
2549.531	6.905038e-05
2552.287	8.939754e-05
2555.044	9.206656e-05
2557.8	8.852878e-05
2560.556	6.834487e-05
2563.312	7.982024e-05
2566.069	0.0001044276
2568.825	0.0001322072
2571.581	0.0001409211
2574.337	0.0001526487
2577.094	0.000142162
2579.85	0.0001462773
2582.606	0.0001635553
2585.362	0.0002181576
2588.119	0.0002310452
2590.875	0.000249155
2593.631	0.0002719485
2596.387	0.0002776386
2599.144	0.0002358916
2601.9	0.0001702781
2604.656	0.0002143868
2607.412	0.0002452125
2610.169	0.000249299
2612.925	0.0002045228
2615.681	0.0002467893
2618.438	0.0003441825
2621.194	0.0003828627
2623.95	0.0003569138
2626.706	0.0003386824
2629.462	0.0004153566
2632.219	0.000481488
2634.975	0.0004997927
2637.731	0.0005032138
2640.487	0.0005707396
2643.244	0.0006842907
2646	0.0005866662
2648.756	0.0005140966
2651.512	0.000402064
2654.269	0.0007322915
2657.025	0.0007860755
2659.781	0.0008214651
2662.537	0.0007978533
2665.294	0.001244005
2668.05	0.002907241
2670.806	0.00452022
2673.562	0.002458091
2676.319	0.002392352
2679.075	0.001872829
2681.831	0.001092001
2684.587	0.0006062587
2687.344	0.0006952288
2690.1	0.0007982831
2692.856	0.0007804229
2695.612	0.000572302
2698.369	0.0004026768
2701.125	0.0003604818
2703.881	0.0004218304
2706.637	0.0003777565
2709.394	0.0002553393
2712.15	0.0002267234
2714.906	0.0002806014
2717.662	0.000308168
2720.419	0.0002563602
2723.175	0.0002246071
2725.931	0.0002502898
2728.688	0.0002678719
2731.444	0.000234932
2734.2	0.0001654716
2736.956	0.0001716523
2739.712	0.0002018179
2742.469	0.0001995872
2745.225	0.0001687857
2747.981	0.0001201412
2750.737	0.0001316376
2753.494	0.0001445184
2756.25	0.0001262413
2759.006	7.783125e-05
2761.762	8.462901e-05
2764.519	0.000102569
2767.275	9.122406e-05
2770.031	6.868514e-05
2772.787	7.642517e-05
2775.544	9.325706e-05
2778.3	8.954247e-05
2781.056	8.751315e-05
2783.812	8.919932e-05
2786.569	9.632981e-05
2789.325	0.0001027066
2792.081	9.328315e-05
2794.837	7.78484e-05
2797.594	7.589271e-05
2800.35	7.298377e-05
2803.106	6.291784e-05
2805.862	5.928246e-05
2808.619	7.102084e-05
2811.375	7.312123e-05
2814.131	7.063461e-05
2816.887	5.856957e-05
2819.644	6.377196e-05
2822.4	6.695859e-05
2825.156	6.017339e-05
2827.912	4.468946e-05
2830.669	6.446663e-05
2833.425	7.33191e-05
2836.181	6.883782e-05
2838.938	6.051497e-05
2841.694	5.412951e-05
2844.45	7.353658e-05
2847.206	8.172516e-05
2849.962	7.754086e-05
2852.719	6.149386e-05
2855.475	4.801695e-05
2858.231	5.843504e-05
2860.987	5.677541e-05
2863.744	5.013744e-05
2866.5	5.855074e-05
2869.256	6.271289e-05
2872.012	5.562431e-05
2874.769	4.377508e-05
2877.525	4.86962e-05
2880.281	5.981889e-05
2883.037	6.168294e-05
2885.794	5.239939e-05
2888.55	4.617184e-05
2891.306	6.143835e-05
2894.062	7.064724e-05
2896.819	6.828021e-05
2899.575	5.457651e-05
2902.331	4.655024e-05
2905.087	6.128315e-05
2907.844	5.351568e-05
2910.6	5.023152e-05
2913.356	6.991946e-05
2916.112	7.981558e-05
2918.869	8.493671e-05
2921.625	7.174886e-05
2924.381	5.362777e-05
2927.137	7.490326e-05
2929.894	9.742399e-05
2932.65	9.484754e-05
2935.406	7.533039e-05
2938.162	4.630708e-05
2940.919	5.978323e-05
2943.675	7.333071e-05
2946.431	5.925148e-05
2949.188	3.878622e-05
2951.944	6.060477e-05
2954.7	7.813347e-05
2957.456	7.056278e-05
2960.212	5.78713e-05
2962.969	4.660467e-05
2965.725	6.061819e-05
2968.481	6.775761e-05
2971.237	6.322211e-05
2973.994	4.824826e-05
2976.75	4.653186e-05
2979.506	5.547738e-05
2982.262	5.231112e-05
2985.019	4.711988e-05
2987.775	4.766222e-05
2990.531	5.504181e-05
2993.287	5.191895e-05
2996.044	5.291099e-05
2998.8	4.914642e-05
3001.556	6.095292e-05
3004.312	7.839352e-05
3007.069	8.659367e-05
3009.825	7.506523e-05
3012.581	6.043792e-05
3015.337	5.103395e-05
3018.094	6.24494e-05
3020.85	7.279725e-05
3023.606	8.001789e-05
3026.362	6.442382e-05
3029.119	5.104663e-05
3031.875	7.940589e-05
3034.631	8.882197e-05
3037.387	0.0001066358
3040.144	0.0001281484
3042.9	0.0001263623
3045.656	9.57877e-05
3048.412	7.939128e-05
3051.169	7.519533e-05
3053.925	6.66951e-05
3056.681	5.588513e-05
3059.438	4.704954e-05
3062.194	3.683897e-05
3064.95	4.574242e-05
3067.706	5.376679e-05
3070.462	4.598166e-05
3073.219	3.855513e-05
3075.975	5.170405e-05
3078.731	6.572244e-05
3081.487	7.033189e-05
3084.244	5.737523e-05
3087	4.94554e-05
3089.756	6.69309e-05
3092.512	7.79811e-05
3095.269	7.039341e-05
3098.025	5.537696e-05
3100.781	6.269878e-05
3103.537	8.389584e-05
3106.294	8.393967e-05
3109.05	6.702325e-05
3111.806	6.515109e-05
3114.562	8.021432e-05
3117.319	8.6367e-05
3120.075	8.194336e-05
3122.831	6.719769e-05
3125.587	8.076648e-05
3128.344	0.000101424
3131.1	0.0001015232
3133.856	8.59085e-05
3136.612	6.865623e-05
3139.369	9.335441e-05
3142.125	0.0001188509
3144.881	0.0001207896
3147.637	0.0001423505
3150.394	0.0001779651
3153.15	0.0002002287
3155.906	0.0002138247
3158.662	0.0001755063
3161.419	0.0001106533
3164.175	0.0001046546
3166.931	0.0001502337
3169.688	0.0001744377
3172.444	0.0001792424
3175.2	0.0002160277
3177.956	0.0003384293
3180.712	0.000567909
3183.469	0.0006853882
3186.225	0.0007577236
3188.981	0.0006235457
3191.737	0.0004290581
3194.494	0.0002642504
3197.25	0.0001705493
3200.006	0.0001049855
3202.762	0.0001245607
3205.519	0.0001167845
3208.275	7.950969e-05
3211.031	5.314017e-05
3213.787	6.197848e-05
3216.544	7.693403e-05
3219.3	7.666898e-05
3222.056	7.543932e-05
3224.812	7.023068e-05
3227.569	5.638837e-05
3230.325	4.441944e-05
3233.081	4.746614e-05
3235.837	5.237268e-05
3238.594	5.864415e-05
3241.35	5.286084e-05
3244.106	5.292165e-05
3246.862	6.119406e-05
3249.619	7.449638e-05
3252.375	7.294396e-05
3255.131	5.933404e-05
3257.887	4.753775e-05
3260.644	6.555123e-05
3263.4	7.465477e-05
3266.156	7.308248e-05
3268.912	5.962155e-05
3271.669	5.045786e-05
3274.425	5.747041e-05
3277.181	5.952052e-05
3279.938	4.986846e-05
3282.694	4.367315e-05
3285.45	3.403885e-05
3288.206	4.344808e-05
3290.962	4.354622e-05
3293.719	5.013927e-05
3296.475	4.044476e-05
3299.231	2.667599e-05
3301.987	4.142538e-05
3304.744	5.629674e-05
3307.5	6.079008e-05
3310.256	5.277248e-05
3313.012	3.972481e-05
3315.769	5.203711e-05
3318.525	5.239618e-05
3321.281	5.129487e-05
3324.037	6.16797e-05
3326.794	5.292092e-05
3329.55	7.335839e-05
3332.306	6.544842e-05
3335.062	4.889476e-05
3337.819	6.439e-05
3340.575	7.17728e-05
3343.331	6.008997e-05
3346.087	4.000371e-05
3348.844	8.346811e-05
3351.6	0.000142513
3354.356	0.0002042373
3357.112	0.0005320181
3359.869	0.0002412556
3362.625	0.0001851928
3365.381	0.0001837465
3368.137	0.0001403255
3370.894	0.0001298623
3373.65	0.0001144889
3376.406	9.39708e-05
3379.162	7.701152e-05
3381.919	6.039053e-05
3384.675	7.542139e-05
3387.431	9.210706e-05
3390.188	9.42613e-05
3392.944	9.040461e-05
3395.7	0.000106288
3398.456	7.107355e-05
3401.212	6.982277e-05
3403.969	6.286515e-05
3406.725	5.924093e-05
3409.481	5.676583e-05
3412.237	6.142244e-05
3414.994	6.042598e-05
3417.75	5.265098e-05
3420.506	3.785373e-05
3423.262	4.073147e-05
3426.019	5.043254e-05
3428.775	5.006961e-05
3431.531	3.930057e-05
3434.287	2.740443e-05
3437.044	4.331181e-05
3439.8	5.432319e-05
3442.556	4.335384e-05
3445.312	3.076921e-05
3448.069	2.434137e-05
3450.825	3.338228e-05
3453.581	3.675091e-05
3456.337	2.638429e-05
3459.094	2.85392e-05
3461.85	4.287602e-05
3464.606	4.61479e-05
3467.362	4.298148e-05
3470.119	3.347385e-05
3472.875	2.338361e-05
3475.631	2.287167e-05
3478.387	2.337237e-05
3481.144	2.924728e-05
3483.9	3.037056e-05
3486.656	3.096932e-05
3489.412	2.523134e-05
3492.169	2.882266e-05
3494.925	3.759781e-05
3497.681	3.871894e-05
3500.438	3.455244e-05
3503.194	3.089683e-05
3505.95	4.304033e-05
3508.706	5.095948e-05
3511.462	4.976326e-05
3514.219	4.554858e-05
3516.975	4.098557e-05
3519.731	4.430287e-05
3522.487	4.50229e-05
3525.244	4.621875e-05
3528	3.94895e-05
3530.756	4.048424e-05
3533.512	4.575582e-05
3536.269	3.959057e-05
3539.025	3.212842e-05
3541.781	4.585015e-05
3544.537	4.950094e-05
3547.294	4.632252e-05
3550.05	3.862018e-05
3552.806	4.255658e-05
3555.562	5.589656e-05
3558.319	5.654454e-05
3561.075	5.634674e-05
3563.831	7.366309e-05
3566.587	9.412457e-05
3569.344	9.575566e-05
3572.1	0.0001177702
3574.856	0.0001191997
3577.612	8.675436e-05
3580.369	5.82011e-05
3583.125	5.528858e-05
3585.881	5.690537e-05
3588.637	4.819523e-05
3591.394	5.04617e-05
3594.15	6.893211e-05
3596.906	7.05788e-05
3599.662	6.396321e-05
3602.419	5.249234e-05
3605.175	6.174796e-05
3607.931	7.524603e-05
3610.687	7.319773e-05
3613.444	6.562872e-05
3616.2	6.251139e-05
3618.956	6.279744e-05
3621.712	6.534464e-05
3624.469	6.804926e-05
3627.225	5.952264e-05
3629.981	5.95532e-05
3632.737	7.172323e-05
3635.494	8.126658e-05
3638.25	7.545869e-05
3641.006	5.956648e-05
3643.762	5.37792e-05
3646.519	6.482929e-05
3649.275	6.796067e-05
3652.031	5.45514e-05
3654.787	4.800592e-05
3657.544	6.194089e-05
3660.3	6.958526e-05
3663.056	6.566434e-05
3665.812	5.544636e-05
3668.569	5.304655e-05
3671.325	6.539788e-05
3674.081	6.81095e-05
3676.837	6.431607e-05
3679.594	5.715135e-05
3682.35	5.988176e-05
3685.106	6.695485e-05
3687.862	7.290459e-05
3690.619	7.350233e-05
3693.375	6.816611e-05
3696.131	6.408864e-05
3698.887	6.467375e-05
3701.644	6.417825e-05
3704.4	6.449965e-05
3707.156	6.218111e-05
3709.912	6.664377e-05
3712.669	6.696139e-05
3715.425	5.096863e-05
3718.181	3.818189e-05
3720.937	5.183858e-05
3723.694	5.253984e-05
3726.45	4.877571e-05
3729.206	3.815659e-05
3731.962	3.16327e-05
3734.719	4.12193e-05
3737.475	4.04126e-05
3740.231	3.80547e-05
3742.987	3.574259e-05
3745.744	2.579123e-05
3748.5	2.826251e-05
3751.256	3.239082e-05
3754.012	3.121407e-05
3756.769	3.415717e-05
3759.525	3.530523e-05
3762.281	2.652375e-05
3765.037	2.839701e-05
3767.794	3.410763e-05
3770.55	3.997426e-05
3773.306	3.379104e-05
3776.062	2.26671e-05
3778.819	3.402794e-05
3781.575	3.793024e-05
3784.331	3.33636e-05
3787.087	3.372565e-05
3789.844	3.160333e-05
3792.6	3.43055e-05
3795.356	3.330119e-05
3798.112	3.02057e-05
3800.869	3.828646e-05
3803.625	4.405238e-05
3806.381	4.378263e-05
3809.137	3.77312e-05
3811.894	3.178091e-05
3814.65	3.869928e-05
3817.406	4.493393e-05
3820.162	3.689588e-05
3822.919	3.409962e-05
3825.675	4.024967e-05
3828.431	4.794377e-05
3831.187	5.199149e-05
3833.944	4.794126e-05
3836.7	3.728212e-05
3839.456	4.007198e-05
3842.212	4.775731e-05
3844.969	5.24035e-05
3847.725	4.270129e-05
3850.481	3.00395e-05
3853.237	3.84101e-05
3855.994	4.930982e-05
3858.75	4.807297e-05
3861.506	3.66119e-05
3864.262	3.173724e-05
3867.019	4.640287e-05
3869.775	5.127428e-05
3872.531	4.421767e-05
3875.287	3.652353e-05
3878.044	4.037007e-05
3880.8	4.808215e-05
3883.556	4.920471e-05
3886.312	4.476709e-05
3889.069	3.507152e-05
3891.825	3.954711e-05
3894.581	4.928336e-05
3897.337	5.348006e-05
3900.094	4.59529e-05
3902.85	3.853535e-05
3905.606	5.027507e-05
3908.362	6.283441e-05
3911.119	6.214257e-05
3913.875	5.295348e-05
3916.631	4.684284e-05
3919.387	5.701862e-05
3922.144	6.88662e-05
3924.9	6.764029e-05
3927.656	6.43769e-05
3930.412	5.804924e-05
3933.169	4.757714e-05
3935.925	5.264174e-05
3938.681	6.766579e-05
3941.437	5.516697e-05
3944.194	5.01777e-05
3946.95	5.632033e-05
3949.706	4.729197e-05
3952.462	5.194738e-05
3955.219	4.921646e-05
3957.975	4.282522e-05
3960.731	6.541757e-05
3963.487	7.826884e-05
3966.244	0.0001002997
3969	0.0001080309
3971.756	0.000107146
3974.512	0.0001211735
3977.269	0.0001247533
3980.025	0.0001502623
3982.781	0.0001561999
3985.537	0.0001923885
3988.294	0.0001753477
3991.05	0.0001878863
3993.806	0.0002077214
3996.562	0.0002181641
3999.319	0.0002027747
4002.075	0.0001479705
4004.831	0.0001565422
4007.587	0.0002274908
4010.344	0.0002781168
4013.1	0.0003889569
4015.856	0.0004706994
4018.612	0.0003454059
4021.369	0.0001812688
4024.125	0.0001201631
4026.881	0.0001773688
4029.637	0.0002078511
4032.394	0.0002407097
4035.15	0.000263103
4037.906	0.0003015155
4040.662	0.0003486809
4043.419	0.0002989211
4046.175	0.0002532862
4048.931	0.0003165852
4051.687	0.0004671463
4054.444	0.0006568705
4057.2	0.0007765476
4059.956	0.0007612608
4062.712	0.000552713
4065.469	0.0004336014
4068.225	0.0002525377
4070.981	0.0002054924
4073.737	0.0001926644
4076.494	0.0001936553
4079.25	0.00015526
4082.006	9.128559e-05
4084.762	8.848127e-05
4087.519	0.0001019643
4090.275	0.0001207207
4093.031	0.0001249581
4095.787	0.0001175104
4098.543	0.000119339
4101.3	0.0001221539
4104.056	0.0001164892
4106.812	0.0001076077
4109.569	8.517854e-05
4112.325	7.907521e-05
4115.081	7.773449e-05
4117.837	7.905153e-05
4120.594	8.048607e-05
4123.35	7.877421e-05
4126.106	7.913013e-05
4128.862	7.345623e-05
4131.619	6.364466e-05
4134.375	5.470073e-05
4137.131	5.878536e-05
4139.887	5.244739e-05
4142.644	4.585333e-05
4145.4	3.432209e-05
4148.156	4.022367e-05
4150.913	5.126463e-05
4153.668	3.951793e-05
4156.425	3.16667e-05
4159.181	2.41298e-05
4161.938	3.285303e-05
4164.694	3.512224e-05
4167.45	2.733691e-05
4170.206	3.022439e-05
4172.962	4.289722e-05
4175.719	4.145032e-05
4178.475	3.018606e-05
4181.231	2.761558e-05
4183.987	4.115042e-05
4186.744	5.287538e-05
4189.5	5.021105e-05
4192.256	3.970602e-05
4195.012	4.043161e-05
4197.769	4.952049e-05
4200.525	5.311823e-05
4203.281	4.182239e-05
4206.038	2.677613e-05
4208.793	5.660101e-05
4211.55	7.299725e-05
4214.306	7.913665e-05
4217.062	6.872147e-05
4219.819	4.978734e-05
4222.575	6.018995e-05
4225.331	8.499442e-05
4228.087	9.804231e-05
4230.844	8.746723e-05
4233.6	7.713685e-05
4236.356	6.918009e-05
4239.112	6.627374e-05
4241.869	6.755714e-05
4244.625	7.553862e-05
4247.381	7.60185e-05
4250.137	7.58128e-05
4252.894	9.2642e-05
4255.65	0.0001405174
4258.406	0.0001782097
4261.162	0.0002046803
4263.918	0.000222148
4266.675	0.0002102489
4269.431	0.0002419063
4272.188	0.0003264596
4274.943	0.0004314823
4277.7	0.0005828661
4280.456	0.0007689166
4283.212	0.0006905547
4285.969	0.0005359613
4288.725	0.0004861659
4291.481	0.0004554644
4294.237	0.00038674
4296.994	0.0003752363
4299.75	0.0003286515
4302.506	0.0002706578
4305.262	0.0002119479
4308.019	0.0001447319
4310.775	0.0001616884
4313.531	0.0001454783
4316.287	0.0001116263
4319.043	9.379557e-05
4321.8	0.000104521
4324.556	0.0001222025
4327.312	0.0001233348
4330.068	0.0001039241
4332.825	0.0001016939
4335.581	0.0001228401
4338.337	0.0001286411
4341.094	0.0001141428
4343.85	8.81384e-05
4346.606	6.068576e-05
4349.362	6.944803e-05
4352.119	7.780085e-05
4354.875	6.829578e-05
4357.631	5.631451e-05
4360.387	4.53039e-05
4363.144	4.750479e-05
4365.9	5.121565e-05
4368.656	4.138267e-05
4371.412	5.21242e-05
4374.168	7.282963e-05
4376.925	8.343255e-05
4379.681	7.429856e-05
4382.438	5.797957e-05
4385.193	4.516558e-05
4387.95	3.283638e-05
4390.706	3.738339e-05
4393.462	3.740902e-05
4396.219	3.368522e-05
4398.975	3.031534e-05
4401.731	3.478525e-05
4404.487	3.871544e-05
4407.244	3.536336e-05
4410	2.64635e-05
4412.756	3.042321e-05
4415.512	3.733428e-05
4418.269	3.775516e-05
4421.025	3.09945e-05
4423.781	2.426466e-05
4426.537	2.803097e-05
4429.293	3.132055e-05
4432.05	3.651829e-05
4434.806	4.163393e-05
4437.562	3.894373e-05
4440.318	3.133408e-05
4443.075	3.983756e-05
4445.831	5.365429e-05
4448.587	5.935567e-05
4451.344	5.614213e-05
4454.1	5.30933e-05
4456.856	4.664134e-05
4459.612	4.795849e-05
4462.369	5.296207e-05
4465.125	5.022101e-05
4467.881	4.480481e-05
4470.637	4.550847e-05
4473.394	5.130121e-05
4476.15	5.215071e-05
4478.906	4.024582e-05
4481.662	4.055211e-05
4484.418	5.509779e-05
4487.175	6.367766e-05
4489.931	5.942221e-05
4492.688	5.017324e-05
4495.443	5.22102e-05
4498.2	6.06922e-05
4500.956	6.499861e-05
4503.712	6.216191e-05
4506.469	6.762548e-05
4509.225	7.617143e-05
4511.981	7.695291e-05
4514.737	6.967902e-05
4517.494	5.911323e-05
4520.25	5.588151e-05
4523.006	6.313641e-05
4525.762	6.558356e-05
4528.519	5.674895e-05
4531.275	4.884825e-05
4534.031	5.8043e-05
4536.787	6.722275e-05
4539.543	6.744811e-05
4542.3	5.38807e-05
4545.056	3.595417e-05
4547.812	4.564853e-05
4550.568	5.620477e-05
4553.325	5.170018e-05
4556.081	4.320032e-05
4558.837	3.349849e-05
4561.594	3.678162e-05
4564.35	4.531361e-05
4567.106	4.627326e-05
4569.862	3.96784e-05
4572.619	2.694785e-05
4575.375	3.278958e-05
4578.131	4.192562e-05
4580.887	3.718919e-05
4583.644	2.599627e-05
4586.4	3.325341e-05
4589.156	3.979454e-05
4591.912	4.136429e-05
4594.668	3.311571e-05
4597.425	2.68636e-05
4600.181	4.013116e-05
4602.938	4.536305e-05
4605.693	3.786676e-05
4608.45	2.816537e-05
4611.206	3.81315e-05
4613.962	4.908297e-05
4616.719	5.316217e-05
4619.475	4.269299e-05
4622.231	3.136575e-05
4624.987	3.218232e-05
4627.744	3.68704e-05
4630.5	3.452665e-05
4633.256	3.082275e-05
4636.012	4.222467e-05
4638.769	4.74741e-05
4641.525	4.262485e-05
4644.281	3.631275e-05
4647.037	2.285568e-05
4649.793	3.560328e-05
4652.55	4.226359e-05
4655.306	3.790109e-05
4658.062	3.479976e-05
4660.818	4.593961e-05
4663.575	6.096599e-05
4666.331	6.472562e-05
4669.087	4.930131e-05
4671.844	2.491616e-05
4674.6	5.142177e-05
4677.356	6.389643e-05
4680.112	5.912448e-05
4682.869	5.231111e-05
4685.625	4.464401e-05
4688.381	5.702778e-05
4691.137	6.509131e-05
4693.894	5.346184e-05
4696.65	3.88741e-05
4699.406	3.436952e-05
4702.162	3.659778e-05
4704.918	3.966328e-05
4707.675	3.388464e-05
4710.431	4.552836e-05
4713.188	6.348397e-05
4715.943	6.778241e-05
4718.7	7.358258e-05
4721.456	6.993708e-05
4724.212	3.98873e-05
4726.969	3.567788e-05
4729.725	4.950626e-05
4732.481	5.113462e-05
4735.237	4.347531e-05
4737.994	4.555946e-05
4740.75	6.577311e-05
4743.506	7.217989e-05
4746.262	6.205692e-05
4749.019	4.740347e-05
4751.775	7.023308e-05
4754.531	9.658556e-05
4757.287	9.513951e-05
4760.043	5.446616e-05
4762.8	0.000118261
4765.556	0.0002177845
4768.312	0.0003275505
4771.068	0.0004543985
4773.825	0.000494771
4776.581	0.0003833707
4779.337	0.0002766639
4782.094	0.0002069791
4784.85	0.0001513657
4787.606	0.0001359599
4790.362	0.0001283153
4793.119	0.0001327073
4795.875	0.0001228455
4798.631	0.0001045286
4801.387	0.0001120212
4804.144	0.0001030647
4806.9	9.096548e-05
4809.656	8.3554e-05
4812.412	8.164277e-05
4815.168	0.0001152322
4817.925	0.0001243408
4820.681	0.0001171192
4823.438	0.0001113533
4826.193	0.0001179967
4828.95	0.0001293339
4831.706	0.0001384648
4834.462	0.0001244726
4837.219	0.0001179677
4839.975	0.0001263125
4842.731	0.0001381433
4845.487	0.0001468361
4848.244	0.0001452537
4851	0.0001478565
4853.756	0.0001799154
4856.512	0.0002483163
4859.269	0.0003368949
4862.025	0.0003605351
4864.781	0.0003425666
4867.537	0.000336838
4870.293	0.0003117609
4873.05	0.0002479662
4875.806	0.000218882
4878.562	0.0001908465
4881.318	0.0001616349
4884.075	0.0001399725
4886.831	0.000127238
4889.587	0.0001351726
4892.344	0.0001259391
4895.1	0.0001120643
4897.856	0.0001000377
4900.612	8.829638e-05
4903.369	9.533383e-05
4906.125	8.788462e-05
4908.881	7.883751e-05
4911.637	8.598953e-05
4914.394	8.474958e-05
4917.15	8.13042e-05
4919.906	7.184479e-05
4922.662	5.918206e-05
4925.418	6.404838e-05
4928.175	6.908147e-05
4930.931	6.389924e-05
4933.688	6.134994e-05
4936.443	5.096917e-05
4939.2	5.270076e-05
4941.956	5.66843e-05
4944.712	5.041422e-05
4947.469	4.61683e-05
4950.225	3.991434e-05
4952.981	3.915886e-05
4955.737	4.01482e-05
4958.494	2.712324e-05
4961.25	2.146881e-05
4964.006	2.937847e-05
4966.762	2.985225e-05
4969.519	3.124322e-05
4972.275	2.219868e-05
4975.031	1.909237e-05
4977.787	3.007246e-05
4980.543	2.837462e-05
4983.3	2.535067e-05
4986.056	2.1132e-05
4988.812	1.795625e-05
4991.568	2.535824e-05
4994.325	2.602699e-05
4997.081	2.156929e-05
4999.837	1.780407e-05
5002.594	1.816824e-05
5005.35	2.409634e-05
5008.106	2.405136e-05
5010.862	1.611431e-05
5013.619	1.850195e-05
5016.375	2.467258e-05
5019.131	2.532508e-05
5021.887	2.539986e-05
5024.644	1.892358e-05
5027.4	1.784433e-05
5030.156	2.167869e-05
5032.912	1.953887e-05
5035.668	2.063288e-05
5038.425	1.944561e-05
5041.181	1.77822e-05
5043.938	2.107947e-05
5046.693	1.959839e-05
5049.45	1.983096e-05
5052.206	2.10216e-05
5054.962	2.009617e-05
5057.719	2.234325e-05
5060.475	2.246325e-05
5063.231	2.132446e-05
5065.987	2.219717e-05
5068.744	2.091883e-05
5071.5	2.123009e-05
5074.256	2.279075e-05
5077.012	2.110219e-05
5079.769	2.218484e-05
5082.525	2.371517e-05
5085.281	2.443369e-05
5088.037	2.423122e-05
5090.793	2.118228e-05
5093.55	2.069087e-05
5096.306	2.048036e-05
5099.062	2.040046e-05
5101.818	2.397566e-05
5104.575	2.515515e-05
5107.331	2.383115e-05
5110.087	2.464858e-05
5112.844	2.299644e-05
5115.6	2.16359e-05
5118.356	2.01228e-05
5121.112	1.854798e-05
5123.869	2.000823e-05
5126.625	2.097654e-05
5129.381	2.181938e-05
5132.137	2.094941e-05
5134.894	2.103948e-05
5137.65	2.361565e-05
5140.406	2.415928e-05
5143.162	2.105785e-05
5145.918	1.915843e-05
5148.675	1.985706e-05
5151.431	2.105621e-05
5154.188	2.05407e-05
5156.943	1.843122e-05
5159.7	1.786384e-05
5162.456	2.060782e-05
5165.212	2.102879e-05
5167.969	1.945185e-05
5170.725	1.810939e-05
5173.481	1.926041e-05
5176.237	2.115093e-05
5178.994	2.082447e-05
5181.75	1.918186e-05
5184.506	1.888281e-05
5187.262	2.002831e-05
5190.019	1.988034e-05
5192.775	1.924399e-05
5195.531	1.943198e-05
5198.287	1.906423e-05
5201.043	1.890227e-05
5203.8	1.901014e-05
5206.556	1.87994e-05
5209.312	1.953493e-05
5212.068	1.917491e-05
5214.825	1.814052e-05
5217.581	1.919115e-05
5220.337	1.987243e-05
5223.094	1.937507e-05
5225.85	1.836317e-05
5228.606	1.814722e-05
5231.362	1.935785e-05
5234.119	1.952124e-05
5236.875	1.873403e-05
5239.631	1.862334e-05
5242.387	1.931705e-05
5245.144	1.987523e-05
5247.9	1.884797e-05
5250.656	1.802944e-05
5253.412	1.940372e-05
5256.168	2.00095e-05
5258.925	1.902726e-05
5261.681	1.835033e-05
5264.438	1.90065e-05
5267.193	2.002674e-05
5269.95	1.959259e-05
5272.706	1.779578e-05
5275.462	1.911453e-05
5278.219	2.095877e-05
5280.975	1.974407e-05
5283.731	1.76011e-05
5286.487	1.772138e-05
5289.244	1.989593e-05
5292	2.041811e-05
5294.756	1.861001e-05
5297.512	1.646791e-05
5300.269	1.919183e-05
5303.025	2.072691e-05
5305.781	1.93621e-05
5308.537	1.800931e-05
5311.293	1.937252e-05
5314.05	2.046095e-05
5316.806	1.94315e-05
5319.562	1.628723e-05
5322.318	1.718344e-05
5325.075	2.129245e-05
5327.831	2.207428e-05
5330.587	1.888939e-05
5333.344	1.576825e-05
5336.1	1.927045e-05
5338.856	2.087899e-05
5341.612	1.971858e-05
5344.369	1.811076e-05
5347.125	1.927259e-05
5349.881	2.163356e-05
5352.637	2.074848e-05
5355.394	1.758231e-05
5358.15	1.713309e-05
5360.906	2.121539e-05
5363.662	2.165763e-05
5366.418	1.847932e-05
5369.175	1.486691e-05
5371.931	2.074627e-05
5374.688	2.264053e-05
5377.443	2.139823e-05
5380.2	1.734959e-05
5382.956	1.837945e-05
5385.712	2.351628e-05
5388.469	2.812074e-05
5391.225	2.582517e-05
5393.981	1.870156e-05
5396.737	1.634922e-05
5399.494	2.051024e-05
5402.25	2.120477e-05
5405.006	2.094319e-05
5407.762	2.536717e-05
5410.519	2.980318e-05
5413.275	3.047357e-05
5416.031	2.669043e-05
5418.787	2.186183e-05
5421.543	1.910303e-05
5424.3	2.016064e-05
5427.056	2.02438e-05
5429.812	1.877425e-05
5432.568	2.012478e-05
5435.325	2.474714e-05
5438.081	2.579842e-05
5440.837	2.243709e-05
5443.594	1.678951e-05
5446.35	1.887501e-05
5449.106	2.060689e-05
5451.862	2.127912e-05
5454.619	2.009874e-05
5457.375	1.940729e-05
5460.131	2.006079e-05
5462.887	1.993645e-05
5465.644	2.012193e-05
5468.4	2.018076e-05
5471.156	1.992077e-05
5473.912	1.942694e-05
5476.668	1.933746e-05
5479.425	2.035965e-05
5482.181	2.111691e-05
5484.938	2.038096e-05
5487.693	1.947316e-05
5490.45	2.02962e-05
5493.206	2.010747e-05
5495.962	1.871707e-05
5498.719	1.891581e-05
5501.475	2.193826e-05
5504.231	2.314534e-05
5506.987	2.182741e-05
5509.744	1.973276e-05
5512.5	9.866023e-06
