0	2.340541e-05
2.75625	4.756895e-05
5.5125	4.710047e-05
8.268749	5.005321e-05
11.025	5.148222e-05
13.78125	4.86831e-05
16.5375	5.007947e-05
19.29375	4.600675e-05
22.05	5.135358e-05
24.80625	5.271158e-05
27.5625	5.075426e-05
30.31875	5.370151e-05
33.075	5.102057e-05
35.83125	5.405298e-05
38.5875	5.480679e-05
41.34375	5.890306e-05
44.1	5.670061e-05
46.85625	5.901719e-05
49.6125	6.173769e-05
52.36875	7.051924e-05
55.125	6.399222e-05
57.88125	6.601778e-05
60.6375	6.672228e-05
63.39375	7.056951e-05
66.14999	6.275885e-05
68.90625	7.66192e-05
71.6625	7.661607e-05
74.41875	7.864815e-05
77.175	6.802101e-05
79.93124	9.254079e-05
82.6875	9.06927e-05
85.44375	9.30101e-05
88.2	7.775723e-05
90.95625	0.0001309109
93.71249	0.0002291599
96.46875	0.0002518402
99.225	0.0002556739
101.9812	0.0002206777
104.7375	0.0002546516
107.4937	0.0002728591
110.25	0.0003389919
113.0062	0.0005652942
115.7625	0.0008248301
118.5187	0.0009056861
121.275	0.001208819
124.0312	0.0009595576
126.7875	0.0007667775
129.5437	0.0008396592
132.3	0.0009379239
135.0562	0.0009009586
137.8125	0.0009109845
140.5687	0.0007272241
143.325	0.0006741054
146.0812	0.0006800303
148.8375	0.0005247706
151.5938	0.0006015779
154.35	0.0007948254
157.1062	0.0005581569
159.8625	0.0007125514
162.6187	0.001255148
165.375	0.001535747
168.1312	0.001402759
170.8875	0.001303474
173.6437	0.00126622
176.4	0.000853394
179.1562	0.000852516
181.9125	0.0008195051
184.6687	0.0006830886
187.425	0.0005351281
190.1812	0.0004133005
192.9375	0.0007017701
195.6937	0.0008849376
198.45	0.001027436
201.2062	0.000802874
203.9625	0.0007157371
206.7188	0.0009377988
209.475	0.0004646815
212.2312	0.000476162
214.9875	0.0003646583
217.7437	0.0004099042
220.5	0.000383299
223.2562	0.000358113
226.0125	0.0006489171
228.7687	0.0004087467
231.525	0.0004338135
234.2812	0.0003449686
237.0375	0.0002940584
239.7937	0.0002964613
242.55	0.0003661196
245.3062	0.0004714385
248.0625	0.0002951216
250.8187	0.0001826056
253.575	0.0002113472
256.3312	0.0002326976
259.0875	0.0001845895
261.8438	0.0002375382
264.6	0.0001551264
267.3562	0.0001475625
270.1125	0.0001593318
272.8687	0.0002043237
275.625	0.0002724434
278.3812	0.000293607
281.1375	0.0003275754
283.8937	0.0004462956
286.65	0.000408985
289.4062	0.0003680208
292.1625	0.0003459265
294.9187	0.0002514554
297.675	0.0002328662
300.4312	0.0002416083
303.1875	0.0001832065
305.9437	0.0002721741
308.7	0.0003722947
311.4562	0.0005419434
314.2125	0.0003662522
316.9688	0.0006407395
319.725	0.0005713232
322.4812	0.0007322641
325.2375	0.0009919589
327.9937	0.001595835
330.75	0.001362761
333.5062	0.0009208061
336.2625	0.0007901638
339.0187	0.0008214808
341.775	0.001071872
344.5312	0.0009939992
347.2875	0.001358574
350.0437	0.001120698
352.8	0.0008626053
355.5562	0.0008576696
358.3125	0.0008599433
361.0687	0.001279211
363.825	0.0009573858
366.5812	0.0007016527
369.3375	0.001148816
372.0938	0.0006056049
374.85	0.0004779157
377.6062	0.0003521134
380.3625	0.0007360688
383.1187	0.0005956158
385.875	0.0008039517
388.6312	0.0006468935
391.3875	0.001461231
394.1437	0.0003795292
396.9	0.0003866057
399.6562	0.0005173194
402.4125	0.000661844
405.1687	0.0008054678
407.925	0.0007720076
410.6812	0.0007776255
413.4375	0.001238819
416.1937	0.0009005417
418.95	0.0007079135
421.7062	0.0006428904
424.4625	0.0008192752
427.2188	0.0006742741
429.975	0.0008756621
432.7312	0.000846068
435.4875	0.0008091913
438.2437	0.001219521
441	0.0009611679
443.7562	0.0007587472
446.5125	0.0006987426
449.2687	0.0004450051
452.025	0.0005573099
454.7812	0.0003465725
457.5375	0.0003226793
460.2937	0.0005368579
463.05	0.0003385784
465.8062	0.0005321562
468.5625	0.0003094202
471.3187	0.0002899382
474.075	0.0002831024
476.8312	0.0003173351
479.5875	0.000393558
482.3437	0.0003106778
485.1	0.000275625
487.8562	0.0003035514
490.6125	0.0003578011
493.3687	0.0004406857
496.125	0.0003569268
498.8812	0.0002858638
501.6375	0.0003504785
504.3937	0.0003652535
507.15	0.0002450094
509.9062	0.0002337281
512.6625	0.0002563424
515.4188	0.0002646027
518.175	0.0003874392
520.9312	0.0004044127
523.6875	0.000468737
526.4437	0.0004636607
529.2	0.0003558109
531.9562	0.0003072023
534.7125	0.000208701
537.4688	0.0002739507
540.225	0.000314107
542.9812	0.0004226463
545.7375	0.0005227204
548.4937	0.0006394808
551.25	0.0006523987
554.0062	0.0007449008
556.7625	0.0007148705
559.5187	0.0006467386
562.275	0.0007797249
565.0312	0.0007871111
567.7875	0.0008398305
570.5437	0.0007953339
573.3	0.0007333517
576.0562	0.0007811983
578.8125	0.0008514803
581.5687	0.0008589793
584.325	0.001010733
587.0812	0.0009900595
589.8375	0.0005454901
592.5938	0.0004375269
595.35	0.0003948933
598.1062	0.000419282
600.8625	0.0006502347
603.6187	0.0006308092
606.375	0.0006742113
609.1312	0.0007299146
611.8875	0.0006572636
614.6437	0.0006057511
617.4	0.0005234545
620.1562	0.0005200487
622.9125	0.0006888456
625.6687	0.000339574
628.425	0.0002334231
631.1812	0.0003460598
633.9375	0.0003531427
636.6937	0.0004481788
639.45	0.0005041055
642.2062	0.0005692717
644.9625	0.0005366369
647.7188	0.0006103141
650.475	0.000466209
653.2312	0.0004513537
655.9875	0.0003652695
658.7437	0.0004694789
661.5	0.0004380863
664.2562	0.000371136
667.0125	0.0004477086
669.7687	0.000460653
672.525	0.0005363902
675.2812	0.0005390596
678.0375	0.0006079446
680.7937	0.0005263111
683.55	0.0008136844
686.3062	0.000860485
689.0625	0.001214402
691.8187	0.001121784
694.575	0.001456647
697.3312	0.001906997
700.0875	0.004052383
702.8438	0.001589744
705.6	0.001484845
708.3562	0.001111137
711.1125	0.001297062
713.8687	0.001584363
716.625	0.001782854
719.3812	0.001945042
722.1375	0.002175985
724.8937	0.002390981
727.65	0.002505446
730.4062	0.002331115
733.1625	0.002281338
735.9187	0.002316473
738.675	0.002174849
741.4312	0.002161063
744.1875	0.002446026
746.9437	0.002544607
749.7	0.00277214
752.4562	0.003067266
755.2125	0.00345156
757.9688	0.003607621
760.725	0.003854228
763.4812	0.003747544
766.2375	0.003657783
768.9937	0.003727674
771.75	0.003894082
774.5062	0.00424874
777.2625	0.004282976
780.0187	0.004759559
782.775	0.005587709
785.5312	0.01074199
788.2875	0.01260231
791.0437	0.004961155
793.8	0.003382001
796.5562	0.002663414
799.3125	0.001748733
802.0687	0.001284046
804.825	0.0009110247
807.5812	0.001006369
810.3375	0.0009573807
813.0938	0.001132257
815.85	0.001226147
818.6062	0.001160482
821.3625	0.001026231
824.1187	0.000937941
826.875	0.000883377
829.6312	0.0007981871
832.3875	0.0009862238
835.1437	0.0006776609
837.9	0.0008676307
840.6562	0.0008998958
843.4125	0.0009886714
846.1687	0.00102385
848.925	0.001001069
851.6812	0.0009352656
854.4375	0.0008428423
857.1937	0.0007553521
859.95	0.0006252292
862.7062	0.0004442221
865.4625	0.0004753718
868.2188	0.0005313613
870.975	0.0006642994
873.7312	0.0007413379
876.4875	0.0008109529
879.2437	0.001033723
882	0.001415603
884.7562	0.0016317
887.5125	0.0007803159
890.2687	0.0005192523
893.025	0.0006633165
895.7812	0.0007530481
898.5375	0.0009022017
901.2937	0.001018297
904.05	0.0009857999
906.8062	0.0009603822
909.5624	0.0007715272
912.3187	0.0005543186
915.075	0.0004912224
917.8312	0.0006991368
920.5875	0.0008279977
923.3437	0.0008632212
926.1	0.0008378294
928.8562	0.0007124167
931.6125	0.0005875813
934.3687	0.0007859616
937.1249	0.001076883
939.8812	0.001297259
942.6375	0.001508572
945.3937	0.001477904
948.15	0.001381214
950.9062	0.001123729
953.6625	0.0008386677
956.4187	0.001149839
959.175	0.001410939
961.9312	0.001597292
964.6874	0.001617364
967.4437	0.001518094
970.2	0.001319425
972.9562	0.002246063
975.7125	0.003390989
978.4687	0.004745421
981.225	0.00614186
983.9812	0.008581836
986.7375	0.01318016
989.4937	0.02862855
992.2499	0.01932698
995.0062	0.01064381
997.7625	0.008271891
1000.519	0.006787818
1003.275	0.00514575
1006.031	0.003816686
1008.787	0.002445727
1011.544	0.001270282
1014.3	0.00113481
1017.056	0.001499929
1019.812	0.00148084
1022.569	0.001375644
1025.325	0.001153225
1028.081	0.0008326436
1030.838	0.0008136853
1033.594	0.001093349
1036.35	0.001224912
1039.106	0.001240559
1041.862	0.001227973
1044.619	0.001054681
1047.375	0.001161645
1050.131	0.001840882
1052.887	0.001134229
1055.644	0.001121266
1058.4	0.001235117
1061.156	0.001174268
1063.912	0.001127704
1066.669	0.001020252
1069.425	0.0009159371
1072.181	0.0009248859
1074.938	0.0009713881
1077.694	0.001054289
1080.45	0.001110014
1083.206	0.00115569
1085.962	0.001106087
1088.719	0.001002775
1091.475	0.0008615085
1094.231	0.0007091765
1096.987	0.0007923362
1099.744	0.0008334348
1102.5	0.0009577749
1105.256	0.0009935501
1108.012	0.0009671664
1110.769	0.0008807923
1113.525	0.0007592617
1116.281	0.0006681053
1119.037	0.0006187484
1121.794	0.0006680353
1124.55	0.000770544
1127.306	0.0008558833
1130.062	0.0008462875
1132.819	0.0007720383
1135.575	0.0006485626
1138.331	0.0005236398
1141.087	0.0004322478
1143.844	0.0005448851
1146.6	0.0007029909
1149.356	0.0007701539
1152.112	0.0007373594
1154.869	0.0006194562
1157.625	0.0004877522
1160.381	0.0007018784
1163.137	0.001186941
1165.894	0.00162738
1168.65	0.002111118
1171.406	0.002662439
1174.162	0.003619873
1176.919	0.005870101
1179.675	0.004637914
1182.431	0.003169565
1185.188	0.002329668
1187.944	0.00154041
1190.7	0.0009176609
1193.456	0.0005805362
1196.212	0.0006392542
1198.969	0.0008848296
1201.725	0.001162239
1204.481	0.001209807
1207.237	0.001145338
1209.994	0.001073539
1212.75	0.0009500441
1215.506	0.0007635951
1218.262	0.0006822858
1221.019	0.0007963129
1223.775	0.0008303832
1226.531	0.0008555603
1229.287	0.0008335418
1232.044	0.0007990081
1234.8	0.0007262453
1237.556	0.0006403222
1240.312	0.0005618492
1243.069	0.0005321104
1245.825	0.0005770687
1248.581	0.0005757637
1251.337	0.0004727818
1254.094	0.0004179059
1256.85	0.00037486
1259.606	0.0003475533
1262.362	0.0003076996
1265.119	0.0003285678
1267.875	0.0003207357
1270.631	0.0003503796
1273.387	0.000344369
1276.144	0.0003247368
1278.9	0.000293775
1281.656	0.0003019228
1284.412	0.0003118637
1287.169	0.0002946343
1289.925	0.0002630339
1292.681	0.0002400618
1295.438	0.0001763377
1298.194	0.0001373581
1300.95	0.0001353162
1303.706	0.0001378307
1306.462	0.0001372202
1309.219	0.0001674732
1311.975	0.0001569012
1314.731	0.0001663115
1317.487	0.000214388
1320.244	0.0001966076
1323	0.000158673
1325.756	0.000188084
1328.512	0.0001842059
1331.269	0.0001738037
1334.025	0.000168727
1336.781	0.0001359018
1339.537	0.0001417566
1342.294	0.0001199203
1345.05	0.0001098996
1347.806	0.0001087269
1350.562	0.0001167999
1353.319	0.0001474553
1356.075	0.0001813666
1358.831	0.0002103779
1361.587	0.0002232686
1364.344	0.0002327799
1367.1	0.0001980729
1369.856	0.0001943032
1372.612	0.0001693837
1375.369	0.0001341319
1378.125	0.0001170659
1380.881	0.0001302957
1383.637	0.0001275841
1386.394	0.0001228524
1389.15	0.0001517051
1391.906	0.0001727851
1394.662	0.0001797186
1397.419	0.0002082934
1400.175	0.0002192773
1402.931	0.0002364609
1405.688	0.0001876939
1408.444	0.0001490295
1411.2	0.0001234872
1413.956	8.690511e-05
1416.712	7.864022e-05
1419.469	8.969077e-05
1422.225	0.0001138527
1424.981	0.0001176617
1427.737	0.0001302613
1430.494	9.978852e-05
1433.25	8.340867e-05
1436.006	0.000142778
1438.762	0.0001795451
1441.519	0.0001768194
1444.275	0.0001959642
1447.031	0.0002031285
1449.787	0.000205029
1452.544	0.0002300209
1455.3	0.000232959
1458.056	0.000238461
1460.812	0.000300565
1463.569	0.0003196201
1466.325	0.0003469604
1469.081	0.000374649
1471.837	0.0003721596
1474.594	0.0003862397
1477.35	0.0003609908
1480.106	0.0003356753
1482.862	0.0003568804
1485.619	0.0003871091
1488.375	0.0003537115
1491.131	0.000306053
1493.887	0.0002605924
1496.644	0.0001896903
1499.4	0.0002064627
1502.156	0.0002512781
1504.912	0.0002864102
1507.669	0.0002966473
1510.425	0.0002757693
1513.181	0.000247762
1515.938	0.0001736608
1518.694	0.0002148731
1521.45	0.0003109477
1524.206	0.0003717358
1526.962	0.0004197221
1529.719	0.0004213451
1532.475	0.000371055
1535.231	0.0002981925
1537.987	0.0003024831
1540.744	0.0004181289
1543.5	0.0005406517
1546.256	0.0006532781
1549.012	0.0006999746
1551.769	0.0006291626
1554.525	0.0006121357
1557.281	0.0007697209
1560.037	0.001191034
1562.794	0.001632654
1565.55	0.002224923
1568.306	0.002890699
1571.062	0.004247058
1573.819	0.004013615
1576.575	0.006580011
1579.331	0.004052589
1582.087	0.003111671
1584.844	0.002558616
1587.6	0.001873448
1590.356	0.001380355
1593.112	0.000987643
1595.869	0.0009387529
1598.625	0.0008662672
1601.381	0.0009623192
1604.137	0.0009978246
1606.894	0.0009664337
1609.65	0.0008161343
1612.406	0.0006550197
1615.162	0.0005080595
1617.919	0.000522939
1620.675	0.0006679704
1623.431	0.0007084241
1626.188	0.0007131926
1628.944	0.0007095776
1631.7	0.000647302
1634.456	0.0005445706
1637.212	0.000460147
1639.969	0.0003980049
1642.725	0.0003996523
1645.481	0.0004388706
1648.237	0.0004714021
1650.994	0.0004474779
1653.75	0.0003713911
1656.506	0.0002934713
1659.262	0.0002331805
1662.019	0.0001659658
1664.775	0.0001634767
1667.531	0.0001973751
1670.287	0.0002215825
1673.044	0.0002630464
1675.8	0.0002527217
1678.556	0.0002354258
1681.312	0.0002111253
1684.069	0.0001706082
1686.825	0.0001271819
1689.581	9.917389e-05
1692.337	0.0001274559
1695.094	0.000158861
1697.85	0.0001727378
1700.606	0.0001988158
1703.362	0.0001856372
1706.119	0.000167606
1708.875	0.0001434202
1711.631	0.0001148626
1714.387	0.0001100464
1717.144	0.0001379457
1719.9	0.0001572553
1722.656	0.0001629834
1725.412	0.0001555765
1728.169	0.0001387972
1730.925	0.0001093408
1733.681	9.091503e-05
1736.438	0.0001251413
1739.194	0.0001450139
1741.95	0.0001475909
1744.706	0.0001487413
1747.462	0.000137856
1750.219	0.0001162324
1752.975	9.561716e-05
1755.731	6.692242e-05
1758.487	9.040647e-05
1761.244	0.0001085283
1764	0.0001099504
1766.756	0.0001063562
1769.512	0.0001135814
1772.269	9.225306e-05
1775.025	9.028767e-05
1777.781	8.038542e-05
1780.537	9.121274e-05
1783.294	9.275084e-05
1786.05	9.736206e-05
1788.806	9.309818e-05
1791.562	0.0001213951
1794.319	0.0001519008
1797.075	0.0001520962
1799.831	0.0001576428
1802.587	0.0001314572
1805.344	0.0001245303
1808.1	0.0001164862
1810.856	9.797677e-05
1813.612	0.0001146633
1816.369	0.0001471223
1819.125	0.0001651411
1821.881	0.0001662086
1824.637	0.0001428804
1827.394	0.0001317172
1830.15	0.0001117488
1832.906	0.0001006912
1835.662	0.0001234137
1838.419	0.0001607003
1841.175	0.0001899095
1843.931	0.0001873415
1846.687	0.0001608266
1849.444	0.0001493653
1852.2	0.0001239713
1854.956	0.0001015879
1857.712	0.0001299583
1860.469	0.0001584988
1863.225	0.0001794341
1865.981	0.0001956015
1868.737	0.0001811593
1871.494	0.0001720522
1874.25	0.0001494093
1877.006	0.0001642704
1879.762	0.0001881205
1882.519	0.0002334029
1885.275	0.0002736355
1888.031	0.0002472721
1890.787	0.0002634857
1893.544	0.0002173665
1896.3	0.0002108646
1899.056	0.0001641359
1901.812	0.0001967236
1904.569	0.0002003803
1907.325	0.0002029947
1910.081	0.0001958685
1912.837	0.0001874895
1915.594	0.0001795906
1918.35	0.0001801996
1921.106	0.0001629988
1923.862	0.0001538494
1926.619	0.0001455867
1929.375	0.0001361716
1932.131	0.0001182173
1934.887	0.0001276148
1937.644	0.0001041654
1940.4	8.023139e-05
1943.156	7.236536e-05
1945.912	6.299774e-05
1948.669	6.415186e-05
1951.425	9.259151e-05
1954.181	0.0001056591
1956.937	0.0001406406
1959.694	0.0001570099
1962.45	0.0002035595
1965.206	0.0003125115
1967.962	0.0003269067
1970.719	0.0003714885
1973.475	0.000413754
1976.231	0.0005659693
1978.987	0.0008167424
1981.744	0.001001593
1984.5	0.001273907
1987.256	0.001892401
1990.012	0.002133699
1992.769	0.000975301
1995.525	0.0008187258
1998.281	0.000567109
2001.037	0.0004350519
2003.794	0.0004272834
2006.55	0.00031632
2009.306	0.0002891953
2012.062	0.0003802717
2014.819	0.0002385309
2017.575	0.0002020101
2020.331	0.0002070864
2023.087	0.0001574914
2025.844	0.0001696714
2028.6	0.0001688341
2031.356	0.0002011592
2034.112	0.0002008699
2036.869	0.0001855014
2039.625	0.000172978
2042.381	0.0001702796
2045.137	0.0001772308
2047.894	0.0001832185
2050.65	0.0001983219
2053.406	0.0001944798
2056.162	0.0001735355
2058.919	0.0001599817
2061.675	0.0001373844
2064.431	0.0001139639
2067.188	0.0001299201
2069.944	0.0001457293
2072.7	0.0001545186
2075.456	0.0001474933
2078.212	0.0001341555
2080.969	0.0001304024
2083.725	0.000110744
2086.481	0.0001175569
2089.238	0.0001095171
2091.994	0.0001013751
2094.75	0.0001024956
2097.506	9.233262e-05
2100.262	8.839105e-05
2103.019	7.775073e-05
2105.775	6.492394e-05
2108.531	7.02916e-05
2111.287	8.830836e-05
2114.044	7.65128e-05
2116.8	8.148725e-05
2119.556	7.047791e-05
2122.312	4.903456e-05
2125.069	6.598102e-05
2127.825	7.907371e-05
2130.581	9.064942e-05
2133.337	9.308282e-05
2136.094	8.24476e-05
2138.85	7.915056e-05
2141.606	6.816071e-05
2144.362	5.934612e-05
2147.119	6.870311e-05
2149.875	6.604372e-05
2152.631	5.613256e-05
2155.387	4.435406e-05
2158.144	3.526119e-05
2160.9	6.680457e-05
2163.656	8.587265e-05
2166.412	0.0001000406
2169.169	0.0001311076
2171.925	0.0001215499
2174.681	0.000118354
2177.438	0.0001047156
2180.194	8.659874e-05
2182.95	7.375143e-05
2185.706	4.672518e-05
2188.462	4.779208e-05
2191.219	6.826847e-05
2193.975	7.820247e-05
2196.731	7.497759e-05
2199.487	7.432202e-05
2202.244	6.829933e-05
2205	5.553421e-05
2207.756	5.347943e-05
2210.512	6.640163e-05
2213.269	8.557567e-05
2216.025	0.0001016452
2218.781	0.0001111151
2221.537	0.0001215217
2224.294	0.0001205541
2227.05	0.0001133342
2229.806	8.962951e-05
2232.562	7.541943e-05
2235.319	6.302143e-05
2238.075	8.894085e-05
2240.831	0.0001129907
2243.587	0.0001413345
2246.344	0.0001324031
2249.1	0.0001573694
2251.856	0.0001459034
2254.612	0.0001426708
2257.369	0.0001386167
2260.125	0.0001546347
2262.881	0.0001652114
2265.637	0.0001743622
2268.394	0.0001811558
2271.15	0.0001743283
2273.906	0.0001579048
2276.662	0.0001339063
2279.419	0.0001194148
2282.175	0.0001089302
2284.931	0.0001279968
2287.688	0.0001543211
2290.444	0.0001595577
2293.2	0.0001572924
2295.956	0.0001502097
2298.712	0.0001209887
2301.469	9.119031e-05
2304.225	5.809019e-05
2306.981	9.950016e-05
2309.737	0.0001316514
2312.494	0.0001295517
2315.25	0.0001309254
2318.006	0.000109721
2320.762	8.969142e-05
2323.519	8.209828e-05
2326.275	0.0001243474
2329.031	0.0001639675
2331.787	0.0001834335
2334.544	0.0002043666
2337.3	0.0002134378
2340.056	0.0002193151
2342.812	0.0002218814
2345.569	0.0001998074
2348.325	0.0001870197
2351.081	0.0002511077
2353.837	0.0004642279
2356.594	0.0006285563
2359.35	0.0008729978
2362.106	0.001055512
2364.862	0.001501573
2367.619	0.001291652
2370.375	0.001454536
2373.131	0.002158536
2375.887	0.001576875
2378.644	0.00111671
2381.4	0.0009725073
2384.156	0.0008329302
2386.912	0.0005775717
2389.669	0.0005203206
2392.425	0.0005028917
2395.181	0.0004658934
2397.938	0.0005521761
2400.694	0.000532955
2403.45	0.0004893777
2406.206	0.0004623494
2408.962	0.0004149049
2411.719	0.0003116217
2414.475	0.0002945175
2417.231	0.0002025184
2419.987	0.0001913734
2422.744	0.0002082164
2425.5	0.0002430125
2428.256	0.000249898
2431.012	0.0002668991
2433.769	0.0002385499
2436.525	0.0002209463
2439.281	0.0001508333
2442.037	0.0001279902
2444.794	0.0001139031
2447.55	9.163117e-05
2450.306	0.0001132741
2453.062	0.0001227589
2455.819	0.0001328697
2458.575	0.0001194786
2461.331	0.0001092953
2464.087	0.0001096759
2466.844	0.0001071644
2469.6	9.371906e-05
2472.356	8.984737e-05
2475.112	0.0001106357
2477.869	0.0001259694
2480.625	0.0001389632
2483.381	0.0001500304
2486.137	0.0001327253
2488.894	0.0001167855
2491.65	9.846105e-05
2494.406	8.533298e-05
2497.162	8.828216e-05
2499.919	5.800404e-05
2502.675	6.644201e-05
2505.431	6.690317e-05
2508.188	8.939072e-05
2510.944	8.983069e-05
2513.7	0.0001311337
2516.456	0.0001093051
2519.212	0.0001101192
2521.969	0.0001072228
2524.725	0.0001033795
2527.481	8.580062e-05
2530.237	0.0001072146
2532.994	9.670455e-05
2535.75	0.0001113177
2538.506	0.0001216995
2541.262	0.0001285546
2544.019	0.0001388516
2546.775	0.0001442311
2549.531	0.0001374699
2552.287	0.0001282895
2555.044	0.0001197654
2557.8	0.0001149047
2560.556	9.167703e-05
2563.312	7.720377e-05
2566.069	6.815231e-05
2568.825	7.272654e-05
2571.581	9.344244e-05
2574.337	0.0001094672
2577.094	0.0001369027
2579.85	0.0001391744
2582.606	0.000139185
2585.362	0.0001381451
2588.119	0.0001243965
2590.875	9.205253e-05
2593.631	9.613643e-05
2596.387	8.760735e-05
2599.144	6.908782e-05
2601.9	6.367358e-05
2604.656	6.194844e-05
2607.412	6.883049e-05
2610.169	5.891211e-05
2612.925	6.967888e-05
2615.681	9.355004e-05
2618.438	0.0001051036
2621.194	0.0001173517
2623.95	0.0001287574
2626.706	0.0001309443
2629.462	0.0001099705
2632.219	9.397385e-05
2634.975	9.807888e-05
2637.731	9.967368e-05
2640.487	9.840503e-05
2643.244	0.000118166
2646	0.0001258523
2648.756	0.0001124405
2651.512	9.187403e-05
2654.269	5.869958e-05
2657.025	4.876301e-05
2659.781	5.09436e-05
2662.537	6.932286e-05
2665.294	7.062249e-05
2668.05	7.60505e-05
2670.806	8.007482e-05
2673.562	7.205109e-05
2676.319	5.211325e-05
2679.075	3.468729e-05
2681.831	5.347323e-05
2684.587	6.376371e-05
2687.344	6.637262e-05
2690.1	6.837491e-05
2692.856	6.695212e-05
2695.612	6.634527e-05
2698.369	6.620389e-05
2701.125	6.907152e-05
2703.881	7.030745e-05
2706.637	6.691509e-05
2709.394	6.034274e-05
2712.15	5.500926e-05
2714.906	5.893487e-05
2717.662	6.069343e-05
2720.419	6.490775e-05
2723.175	7.412388e-05
2725.931	8.334682e-05
2728.688	8.894866e-05
2731.444	8.881972e-05
2734.2	8.44805e-05
2736.956	7.821882e-05
2739.712	7.477542e-05
2742.469	7.574094e-05
2745.225	8.363959e-05
2747.981	9.120681e-05
2750.737	0.000103718
2753.494	0.0001104657
2756.25	0.0001014715
2759.006	8.681324e-05
2761.762	7.236153e-05
2764.519	5.254705e-05
2767.275	4.785687e-05
2770.031	5.988117e-05
2772.787	7.132346e-05
2775.544	7.301039e-05
2778.3	6.936325e-05
2781.056	6.271896e-05
2783.812	5.416347e-05
2786.569	4.405733e-05
2789.325	4.731241e-05
2792.081	6.107023e-05
2794.837	7.176398e-05
2797.594	7.35494e-05
2800.35	7.331042e-05
2803.106	6.556292e-05
2805.862	5.3581e-05
2808.619	4.199156e-05
2811.375	4.948797e-05
2814.131	6.181943e-05
2816.887	6.917938e-05
2819.644	6.991343e-05
2822.4	6.439609e-05
2825.156	5.493902e-05
2827.912	4.309282e-05
2830.669	3.465446e-05
2833.425	4.413107e-05
2836.181	5.199809e-05
2838.938	5.849199e-05
2841.694	6.189926e-05
2844.45	5.939403e-05
2847.206	5.627313e-05
2849.962	4.902553e-05
2852.719	3.988074e-05
2855.475	3.44826e-05
2858.231	3.100216e-05
2860.987	3.548406e-05
2863.744	4.104609e-05
2866.5	4.501182e-05
2869.256	4.622034e-05
2872.012	4.637419e-05
2874.769	4.465314e-05
2877.525	3.838094e-05
2880.281	2.925301e-05
2883.037	3.365643e-05
2885.794	4.528331e-05
2888.55	5.512147e-05
2891.306	6.655433e-05
2894.062	7.248275e-05
2896.819	7.209803e-05
2899.575	6.812842e-05
2902.331	5.789771e-05
2905.087	4.496636e-05
2907.844	3.745162e-05
2910.6	4.043168e-05
2913.356	4.623707e-05
2916.112	4.927584e-05
2918.869	4.556327e-05
2921.625	4.085485e-05
2924.381	3.64073e-05
2927.137	4.174759e-05
2929.894	5.264059e-05
2932.65	6.177839e-05
2935.406	6.344724e-05
2938.162	6.225093e-05
2940.919	6.003167e-05
2943.675	5.545637e-05
2946.431	5.518115e-05
2949.188	6.28774e-05
2951.944	7.048541e-05
2954.7	8.016233e-05
2957.456	8.541004e-05
2960.212	8.475787e-05
2962.969	8.283313e-05
2965.725	7.445209e-05
2968.481	6.176141e-05
2971.237	4.751487e-05
2973.994	3.633121e-05
2976.75	3.435154e-05
2979.506	3.478723e-05
2982.262	3.678467e-05
2985.019	4.676361e-05
2987.775	5.748438e-05
2990.531	7.801653e-05
2993.287	9.429175e-05
2996.044	0.0001099291
2998.8	0.000137435
3001.556	0.0001527778
3004.312	0.0001683235
3007.069	0.0001756151
3009.825	0.0001763282
3012.581	0.0001534925
3015.337	0.0001293134
3018.094	0.0001068822
3020.85	8.527606e-05
3023.606	6.441228e-05
3026.362	4.992032e-05
3029.119	3.562953e-05
3031.875	3.826486e-05
3034.631	4.439815e-05
3037.387	4.676845e-05
3040.144	4.66956e-05
3042.9	3.80612e-05
3045.656	3.140019e-05
3048.412	4.265927e-05
3051.169	4.823305e-05
3053.925	4.880995e-05
3056.681	5.024197e-05
3059.438	4.888799e-05
3062.194	4.437983e-05
3064.95	4.237334e-05
3067.706	3.998482e-05
3070.462	4.320557e-05
3073.219	4.793713e-05
3075.975	4.777034e-05
3078.731	4.565023e-05
3081.487	3.900307e-05
3084.244	3.320586e-05
3087	4.284287e-05
3089.756	5.123752e-05
3092.512	5.701646e-05
3095.269	5.832161e-05
3098.025	5.64647e-05
3100.781	5.154475e-05
3103.537	4.225977e-05
3106.294	3.693231e-05
3109.05	4.009999e-05
3111.806	4.597154e-05
3114.562	4.787083e-05
3117.319	4.701526e-05
3120.075	4.183643e-05
3122.831	3.264132e-05
3125.587	3.263308e-05
3128.344	4.419487e-05
3131.1	5.132494e-05
3133.856	6.08079e-05
3136.612	6.344019e-05
3139.369	5.981982e-05
3142.125	4.984243e-05
3144.881	3.663758e-05
3147.637	5.073378e-05
3150.394	7.141005e-05
3153.15	7.786157e-05
3155.906	7.328925e-05
3158.662	8.11147e-05
3161.419	7.733756e-05
3164.175	7.01703e-05
3166.931	6.486194e-05
3169.688	5.131502e-05
3172.444	3.720751e-05
3175.2	4.625794e-05
3177.956	6.594628e-05
3180.712	8.164527e-05
3183.469	0.0001244321
3186.225	0.0001837679
3188.981	0.0001657868
3191.737	0.0001066255
3194.494	9.449881e-05
3197.25	9.499648e-05
3200.006	7.918472e-05
3202.762	6.64179e-05
3205.519	5.076563e-05
3208.275	5.682811e-05
3211.031	5.604721e-05
3213.787	6.621301e-05
3216.544	8.002628e-05
3219.3	7.387252e-05
3222.056	6.181924e-05
3224.812	5.744272e-05
3227.569	4.661931e-05
3230.325	3.922497e-05
3233.081	4.508911e-05
3235.837	5.155073e-05
3238.594	5.412024e-05
3241.35	5.634821e-05
3244.106	5.034095e-05
3246.862	4.525448e-05
3249.619	4.321039e-05
3252.375	4.502831e-05
3255.131	5.150682e-05
3257.887	5.582153e-05
3260.644	5.930418e-05
3263.4	5.777003e-05
3266.156	5.226168e-05
3268.912	4.331793e-05
3271.669	3.880856e-05
3274.425	4.328175e-05
3277.181	4.830831e-05
3279.938	5.326633e-05
3282.694	5.382598e-05
3285.45	4.613189e-05
3288.206	3.81987e-05
3290.962	3.246596e-05
3293.719	3.507801e-05
3296.475	4.438515e-05
3299.231	4.792338e-05
3301.987	4.828184e-05
3304.744	4.568175e-05
3307.5	4.497158e-05
3310.256	4.08355e-05
3313.012	4.369113e-05
3315.769	5.122425e-05
3318.525	5.569265e-05
3321.281	5.723216e-05
3324.037	5.895772e-05
3326.794	5.395372e-05
3329.55	4.144789e-05
3332.306	3.726153e-05
3335.062	3.423951e-05
3337.819	3.345796e-05
3340.575	3.265024e-05
3343.331	4.382375e-05
3346.087	4.152383e-05
3348.844	2.792344e-05
3351.6	3.264938e-05
3354.356	4.497303e-05
3357.112	4.871222e-05
3359.869	5.479025e-05
3362.625	6.186048e-05
3365.381	6.115634e-05
3368.137	5.325993e-05
3370.894	4.28945e-05
3373.65	3.12414e-05
3376.406	2.479668e-05
3379.162	3.272724e-05
3381.919	3.755384e-05
3384.675	3.987132e-05
3387.431	3.749754e-05
3390.188	2.689363e-05
3392.944	2.343564e-05
3395.7	3.893954e-05
3398.456	4.793894e-05
3401.212	5.099991e-05
3403.969	5.233863e-05
3406.725	5.037573e-05
3409.481	4.727286e-05
3412.237	3.923383e-05
3414.994	3.201692e-05
3417.75	3.56674e-05
3420.506	4.451382e-05
3423.262	5.128085e-05
3426.019	5.352889e-05
3428.775	4.990843e-05
3431.531	4.398101e-05
3434.287	3.764525e-05
3437.044	3.184054e-05
3439.8	3.690982e-05
3442.556	4.482097e-05
3445.312	4.408617e-05
3448.069	4.896349e-05
3450.825	4.288575e-05
3453.581	3.613627e-05
3456.337	2.969681e-05
3459.094	3.608385e-05
3461.85	4.395005e-05
3464.606	5.025158e-05
3467.362	5.100292e-05
3470.119	4.773896e-05
3472.875	4.55045e-05
3475.631	3.757733e-05
3478.387	3.20439e-05
3481.144	3.075978e-05
3483.9	3.600576e-05
3486.656	4.241251e-05
3489.412	4.390556e-05
3492.169	3.893228e-05
3494.925	3.440259e-05
3497.681	3.28626e-05
3500.438	4.232954e-05
3503.194	5.171792e-05
3505.95	5.73593e-05
3508.706	6.107954e-05
3511.462	6.030772e-05
3514.219	6.276114e-05
3516.975	5.612491e-05
3519.731	6.578011e-05
3522.487	6.857676e-05
3525.244	7.78576e-05
3528	9.182218e-05
3530.756	9.791446e-05
3533.512	9.630712e-05
3536.269	9.346724e-05
3539.025	7.622423e-05
3541.781	8.062734e-05
3544.537	9.483392e-05
3547.294	9.603243e-05
3550.05	9.765146e-05
3552.806	0.0001010388
3555.562	9.736229e-05
3558.319	9.424956e-05
3561.075	9.03833e-05
3563.831	8.121661e-05
3566.587	0.0001436709
3569.344	0.0001696364
3572.1	0.000296181
3574.856	0.0003944279
3577.612	0.0002208429
3580.369	0.0001511586
3583.125	0.0001119456
3585.881	9.050973e-05
3588.637	7.097671e-05
3591.394	5.102687e-05
3594.15	4.291799e-05
3596.906	5.603441e-05
3599.662	6.154658e-05
3602.419	6.65304e-05
3605.175	6.838893e-05
3607.931	5.235135e-05
3610.687	4.805305e-05
3613.444	4.064351e-05
3616.2	5.001143e-05
3618.956	6.522865e-05
3621.712	6.602306e-05
3624.469	6.695781e-05
3627.225	6.40414e-05
3629.981	5.19998e-05
3632.737	4.969844e-05
3635.494	5.925889e-05
3638.25	6.091559e-05
3641.006	6.070017e-05
3643.762	6.251384e-05
3646.519	6.340136e-05
3649.275	6.317928e-05
3652.031	5.663608e-05
3654.787	4.884569e-05
3657.544	4.953665e-05
3660.3	5.382609e-05
3663.056	6.081861e-05
3665.812	6.671719e-05
3668.569	7.602045e-05
3671.325	7.888674e-05
3674.081	7.776573e-05
3676.837	7.581284e-05
3679.594	8.250874e-05
3682.35	8.773139e-05
3685.106	9.057319e-05
3687.862	9.524645e-05
3690.619	9.504928e-05
3693.375	8.923214e-05
3696.131	8.073694e-05
3698.887	7.601876e-05
3701.644	7.109194e-05
3704.4	6.835326e-05
3707.156	6.988545e-05
3709.912	7.700732e-05
3712.669	7.530898e-05
3715.425	7.347384e-05
3718.181	6.734201e-05
3720.937	6.143763e-05
3723.694	5.164324e-05
3726.45	4.847796e-05
3729.206	5.159494e-05
3731.962	5.387339e-05
3734.719	5.247484e-05
3737.475	4.82884e-05
3740.231	4.848684e-05
3742.987	4.449427e-05
3745.744	4.40948e-05
3748.5	4.399921e-05
3751.256	4.456668e-05
3754.012	4.538944e-05
3756.769	4.536217e-05
3759.525	4.353915e-05
3762.281	4.583992e-05
3765.037	4.342523e-05
3767.794	3.75997e-05
3770.55	3.364884e-05
3773.306	3.032884e-05
3776.062	2.835962e-05
3778.819	3.759148e-05
3781.575	4.632501e-05
3784.331	5.032428e-05
3787.087	4.799653e-05
3789.844	4.916393e-05
3792.6	4.82779e-05
3795.356	4.61282e-05
3798.112	4.051773e-05
3800.869	3.592585e-05
3803.625	4.099854e-05
3806.381	4.449109e-05
3809.137	4.621367e-05
3811.894	4.789519e-05
3814.65	4.573941e-05
3817.406	3.571721e-05
3820.162	2.822418e-05
3822.919	3.079789e-05
3825.675	3.421315e-05
3828.431	3.884583e-05
3831.187	3.809804e-05
3833.944	3.564656e-05
3836.7	2.808428e-05
3839.456	3.363884e-05
3842.212	3.933091e-05
3844.969	4.086964e-05
3847.725	4.286551e-05
3850.481	4.13353e-05
3853.237	3.733506e-05
3855.994	3.89304e-05
3858.75	4.281079e-05
3861.506	4.972894e-05
3864.262	5.308661e-05
3867.019	5.370417e-05
3869.775	5.374339e-05
3872.531	5.203763e-05
3875.287	4.865167e-05
3878.044	4.729139e-05
3880.8	5.472282e-05
3883.556	6.184925e-05
3886.312	6.347287e-05
3889.069	5.931014e-05
3891.825	5.742053e-05
3894.581	5.32833e-05
3897.337	5.442646e-05
3900.094	5.184001e-05
3902.85	5.198154e-05
3905.606	5.176471e-05
3908.362	3.923871e-05
3911.119	2.96576e-05
3913.875	4.034122e-05
3916.631	5.037729e-05
3919.387	6.000714e-05
3922.144	6.826777e-05
3924.9	7.150385e-05
3927.656	7.096762e-05
3930.412	6.224824e-05
3933.169	6.353048e-05
3935.925	7.550252e-05
3938.681	9.312939e-05
3941.437	0.0001021123
3944.194	0.0001047908
3946.95	0.000104746
3949.706	8.479076e-05
3952.462	5.109403e-05
3955.219	4.073867e-05
3957.975	7.608363e-05
3960.731	0.0001083581
3963.487	0.0001529396
3966.244	0.0001745718
3969	0.0001986238
3971.756	0.0002437163
3974.512	0.0002217004
3977.269	0.0001633865
3980.025	0.0001549458
3982.781	0.0001448297
3985.537	0.0001424188
3988.294	0.0001499272
3991.05	0.0001564684
3993.806	0.0001526495
3996.562	0.0001480664
3999.319	0.0001628328
4002.075	0.0001957823
4004.831	0.0002040076
4007.587	0.0002281214
4010.344	0.0002905621
4013.1	0.0004178303
4015.856	0.0005358564
4018.612	0.0004125174
4021.369	0.0003440127
4024.125	0.0003259585
4026.881	0.0003142286
4029.637	0.000349956
4032.394	0.000329914
4035.15	0.0003493434
4037.906	0.0004440002
4040.662	0.0005769876
4043.419	0.00049538
4046.175	0.0005447018
4048.931	0.0006901804
4051.687	0.0005114746
4054.444	0.0004700861
4057.2	0.0003920785
4059.956	0.0003548795
4062.712	0.0003114831
4065.469	0.0002662342
4068.225	0.0002163627
4070.981	0.0002065494
4073.737	0.0001747121
4076.494	0.0001557527
4079.25	0.0001522019
4082.006	0.0001326829
4084.762	0.0001109579
4087.519	8.93489e-05
4090.275	8.282494e-05
4093.031	8.287245e-05
4095.787	9.727693e-05
4098.543	0.0001004971
4101.3	9.802565e-05
4104.056	9.758821e-05
4106.812	9.030477e-05
4109.569	7.433265e-05
4112.325	6.054656e-05
4115.081	6.546892e-05
4117.837	7.885991e-05
4120.594	8.890191e-05
4123.35	8.831821e-05
4126.106	8.941619e-05
4128.862	7.79133e-05
4131.619	6.229723e-05
4134.375	4.799469e-05
4137.131	3.815344e-05
4139.887	3.134758e-05
4142.644	3.737524e-05
4145.4	3.97736e-05
4148.156	3.850044e-05
4150.913	3.676475e-05
4153.668	2.717581e-05
4156.425	3.131725e-05
4159.181	3.673419e-05
4161.938	3.906425e-05
4164.694	3.990113e-05
4167.45	3.893636e-05
4170.206	3.204985e-05
4172.962	2.950304e-05
4175.719	3.745365e-05
4178.475	4.498655e-05
4181.231	4.808171e-05
4183.987	4.965866e-05
4186.744	4.789331e-05
4189.5	4.234659e-05
4192.256	3.409553e-05
4195.012	2.31169e-05
4197.769	2.613622e-05
4200.525	3.264553e-05
4203.281	3.680658e-05
4206.038	3.769201e-05
4208.793	3.611211e-05
4211.55	3.318548e-05
4214.306	2.90606e-05
4217.062	2.30134e-05
4219.819	2.636538e-05
4222.575	2.882524e-05
4225.331	3.128504e-05
4228.087	2.687584e-05
4230.844	2.615674e-05
4233.6	2.880046e-05
4236.356	3.205088e-05
4239.112	3.306384e-05
4241.869	3.556445e-05
4244.625	3.2188e-05
4247.381	2.777266e-05
4250.137	2.738078e-05
4252.894	3.338084e-05
4255.65	4.205735e-05
4258.406	4.927566e-05
4261.162	5.09812e-05
4263.918	5.352001e-05
4266.675	5.132873e-05
4269.431	4.387032e-05
4272.188	3.739912e-05
4274.943	3.286406e-05
4277.7	3.031858e-05
4280.456	3.388638e-05
4283.212	3.592168e-05
4285.969	3.819521e-05
4288.725	3.848022e-05
4291.481	3.907986e-05
4294.237	3.933406e-05
4296.994	3.821692e-05
4299.75	3.781732e-05
4302.506	3.544481e-05
4305.262	3.243256e-05
4308.019	2.802325e-05
4310.775	2.945381e-05
4313.531	3.667434e-05
4316.287	4.497544e-05
4319.043	4.87323e-05
4321.8	5.265888e-05
4324.556	5.306546e-05
4327.312	4.985111e-05
4330.068	4.639338e-05
4332.825	3.929337e-05
4335.581	3.478686e-05
4338.337	3.237322e-05
4341.094	3.196507e-05
4343.85	3.604696e-05
4346.606	3.864732e-05
4349.362	4.024835e-05
4352.119	3.980909e-05
4354.875	3.492408e-05
4357.631	3.321802e-05
4360.387	3.71807e-05
4363.144	3.99577e-05
4365.9	4.591788e-05
4368.656	5.04307e-05
4371.412	5.189797e-05
4374.168	5.065623e-05
4376.925	4.741647e-05
4379.681	4.043927e-05
4382.438	3.567469e-05
4385.193	3.537325e-05
4387.95	3.821346e-05
4390.706	4.101791e-05
4393.462	4.122352e-05
4396.219	3.870973e-05
4398.975	3.339628e-05
4401.731	2.774278e-05
4404.487	2.820309e-05
4407.244	3.485586e-05
4410	3.794902e-05
4412.756	3.996878e-05
4415.512	4.047943e-05
4418.269	3.576878e-05
4421.025	3.159736e-05
4423.781	2.706607e-05
4426.537	2.784827e-05
4429.293	3.236522e-05
4432.05	3.602467e-05
4434.806	3.589656e-05
4437.562	3.458418e-05
4440.318	3.355665e-05
4443.075	3.055628e-05
4445.831	2.892835e-05
4448.587	2.952358e-05
4451.344	2.872561e-05
4454.1	2.529673e-05
4456.856	2.468746e-05
4459.612	2.994579e-05
4462.369	3.314067e-05
4465.125	3.793761e-05
4467.881	4.182599e-05
4470.637	4.147164e-05
4473.394	3.817784e-05
4476.15	3.443591e-05
4478.906	3.083776e-05
4481.662	3.32142e-05
4484.418	3.982175e-05
4487.175	4.458844e-05
4489.931	4.638084e-05
4492.688	4.513451e-05
4495.443	4.221345e-05
4498.2	3.978383e-05
4500.956	4.220278e-05
4503.712	4.771947e-05
4506.469	5.400653e-05
4509.225	5.634072e-05
4511.981	5.606341e-05
4514.737	5.225438e-05
4517.494	4.536847e-05
4520.25	4.144552e-05
4523.006	4.38822e-05
4525.762	4.994126e-05
4528.519	6.044468e-05
4531.275	6.681644e-05
4534.031	6.215619e-05
4536.787	6.20858e-05
4539.543	6.462043e-05
4542.3	5.637723e-05
4545.056	5.376443e-05
4547.812	5.502184e-05
4550.568	5.392466e-05
4553.325	5.221262e-05
4556.081	5.035035e-05
4558.837	4.504948e-05
4561.594	3.786707e-05
4564.35	3.242023e-05
4567.106	3.144416e-05
4569.862	3.72145e-05
4572.619	4.309977e-05
4575.375	4.40247e-05
4578.131	4.422885e-05
4580.887	4.378381e-05
4583.644	3.819219e-05
4586.4	3.321097e-05
4589.156	3.231302e-05
4591.912	3.621096e-05
4594.668	3.986527e-05
4597.425	3.941215e-05
4600.181	3.847805e-05
4602.938	3.419645e-05
4605.693	2.973508e-05
4608.45	2.447607e-05
4611.206	2.617123e-05
4613.962	3.132182e-05
4616.719	3.609814e-05
4619.475	3.95867e-05
4622.231	3.918757e-05
4624.987	3.69694e-05
4627.744	3.515763e-05
4630.5	3.070527e-05
4633.256	2.776532e-05
4636.012	3.401832e-05
4638.769	3.888012e-05
4641.525	4.107619e-05
4644.281	4.243151e-05
4647.037	4.278854e-05
4649.793	3.685228e-05
4652.55	3.209341e-05
4655.306	3.586971e-05
4658.062	4.026759e-05
4660.818	4.731922e-05
4663.575	5.2057e-05
4666.331	5.314054e-05
4669.087	5.177151e-05
4671.844	4.908177e-05
4674.6	4.060503e-05
4677.356	3.938522e-05
4680.112	5.080025e-05
4682.869	5.643276e-05
4685.625	6.232365e-05
4688.381	6.489069e-05
4691.137	5.949212e-05
4693.894	5.489366e-05
4696.65	4.972521e-05
4699.406	4.555023e-05
4702.162	4.278635e-05
4704.918	4.060953e-05
4707.675	4.060741e-05
4710.431	3.700551e-05
4713.188	2.80026e-05
4715.943	2.547708e-05
4718.7	3.548698e-05
4721.456	4.468919e-05
4724.212	4.943434e-05
4726.969	5.299211e-05
4729.725	5.77165e-05
4732.481	5.320859e-05
4735.237	5.254622e-05
4737.994	4.987769e-05
4740.75	4.622667e-05
4743.506	5.22907e-05
4746.262	5.855894e-05
4749.019	5.157573e-05
4751.775	4.367908e-05
4754.531	3.787965e-05
4757.287	2.942085e-05
4760.043	4.101912e-05
4762.8	4.792999e-05
4765.556	5.622845e-05
4768.312	6.338277e-05
4771.068	7.536306e-05
4773.825	7.960686e-05
4776.581	9.207345e-05
4779.337	9.649014e-05
4782.094	0.0001004249
4784.85	0.0001126681
4787.606	0.0001237107
4790.362	0.0001403144
4793.119	0.0001314888
4795.875	0.0001382946
4798.631	0.0001345047
4801.387	0.0001598879
4804.144	0.0002159876
4806.9	0.0002101806
4809.656	0.0001744677
4812.412	0.0002366208
4815.168	0.0002906802
4817.925	0.0002205821
4820.681	0.0001992014
4823.438	0.0001723213
4826.193	0.0001510064
4828.95	0.0001396618
4831.706	0.0001244715
4834.462	0.0001131684
4837.219	9.945212e-05
4839.975	9.817685e-05
4842.731	9.782372e-05
4845.487	9.775752e-05
4848.244	9.383864e-05
4851	0.0001169734
4853.756	0.0001425548
4856.512	0.0001873562
4859.269	0.0002381382
4862.025	0.0002582743
4864.781	0.0002824554
4867.537	0.0002809397
4870.293	0.0002317537
4873.05	0.000177175
4875.806	0.0001574065
4878.562	0.0001314286
4881.318	0.0001166354
4884.075	0.0001046736
4886.831	0.0001069833
4889.587	0.0001059227
4892.344	0.0001013172
4895.1	0.0001021952
4897.856	9.728689e-05
4900.612	8.785384e-05
4903.369	7.767769e-05
4906.125	6.458406e-05
4908.881	6.233684e-05
4911.637	6.717809e-05
4914.394	6.783095e-05
4917.15	6.857087e-05
4919.906	6.738911e-05
4922.662	5.540591e-05
4925.418	4.716176e-05
4928.175	4.061716e-05
4930.931	3.923817e-05
4933.688	4.08956e-05
4936.443	4.473268e-05
4939.2	4.634584e-05
4941.956	4.456305e-05
4944.712	3.972761e-05
4947.469	3.772258e-05
4950.225	3.314794e-05
4952.981	2.771838e-05
4955.737	2.813347e-05
4958.494	3.072301e-05
4961.25	3.042279e-05
4964.006	3.192347e-05
4966.762	3.085001e-05
4969.519	2.768449e-05
4972.275	2.574784e-05
4975.031	2.380099e-05
4977.787	2.546219e-05
4980.543	2.791756e-05
4983.3	2.963578e-05
4986.056	3.111529e-05
4988.812	3.087091e-05
4991.568	2.865435e-05
4994.325	2.666423e-05
4997.081	2.302898e-05
4999.837	2.277326e-05
5002.594	2.450356e-05
5005.35	2.859892e-05
5008.106	3.127301e-05
5010.862	3.223582e-05
5013.619	3.193592e-05
5016.375	3.140535e-05
5019.131	3.050054e-05
5021.887	2.570362e-05
5024.644	2.088811e-05
5027.4	2.448317e-05
5030.156	2.582366e-05
5032.912	3.060405e-05
5035.668	3.216322e-05
5038.425	3.288931e-05
5041.181	3.107309e-05
5043.938	2.537402e-05
5046.693	2.495008e-05
5049.45	3.207349e-05
5052.206	3.75597e-05
5054.962	4.400996e-05
5057.719	4.561591e-05
5060.475	4.484292e-05
5063.231	4.193933e-05
5065.987	3.371907e-05
5068.744	2.965308e-05
5071.5	3.532273e-05
5074.256	4.751626e-05
5077.012	5.355955e-05
5079.769	6.070645e-05
5082.525	6.36043e-05
5085.281	5.109112e-05
5088.037	4.225254e-05
5090.793	3.630115e-05
5093.55	3.029511e-05
5096.306	3.413027e-05
5099.062	4.62928e-05
5101.818	6.068268e-05
5104.575	6.800211e-05
5107.331	5.868854e-05
5110.087	5.468014e-05
5112.844	4.895189e-05
5115.6	3.954041e-05
5118.356	3.064546e-05
5121.112	2.36714e-05
5123.869	3.142791e-05
5126.625	3.933412e-05
5129.381	3.844126e-05
5132.137	4.303522e-05
5134.894	5.780425e-05
5137.65	4.198008e-05
5140.406	3.327406e-05
5143.162	2.871718e-05
5145.918	2.641869e-05
5148.675	2.677081e-05
5151.431	2.815895e-05
5154.188	2.583822e-05
5156.943	2.454588e-05
5159.7	2.188398e-05
5162.456	2.184035e-05
5165.212	2.396801e-05
5167.969	2.633181e-05
5170.725	2.626924e-05
5173.481	2.602065e-05
5176.237	2.441648e-05
5178.994	2.330937e-05
5181.75	2.078421e-05
5184.506	2.287445e-05
5187.262	2.629247e-05
5190.019	2.815594e-05
5192.775	2.817854e-05
5195.531	2.719161e-05
5198.287	2.579458e-05
5201.043	2.391531e-05
5203.8	2.245712e-05
5206.556	2.345964e-05
5209.312	2.478447e-05
5212.068	2.587049e-05
5214.825	2.715255e-05
5217.581	2.533166e-05
5220.337	2.389231e-05
5223.094	2.310794e-05
5225.85	2.338873e-05
5228.606	2.325943e-05
5231.362	2.399967e-05
5234.119	2.409032e-05
5236.875	2.375233e-05
5239.631	2.39626e-05
5242.387	2.369115e-05
5245.144	2.375173e-05
5247.9	2.459306e-05
5250.656	2.443471e-05
5253.412	2.43893e-05
5256.168	2.44205e-05
5258.925	2.383934e-05
5261.681	2.36958e-05
5264.438	2.402001e-05
5267.193	2.37929e-05
5269.95	2.437071e-05
5272.706	2.467284e-05
5275.462	2.433103e-05
5278.219	2.400853e-05
5280.975	2.410359e-05
5283.731	2.437463e-05
5286.487	2.447695e-05
5289.244	2.459506e-05
5292	2.451892e-05
5294.756	2.44842e-05
5297.512	2.436239e-05
5300.269	2.418431e-05
5303.025	2.411257e-05
5305.781	2.410367e-05
5308.537	2.421245e-05
5311.293	2.418312e-05
5314.05	2.433216e-05
5316.806	2.424611e-05
5319.562	2.419085e-05
5322.318	2.415194e-05
5325.075	2.415712e-05
5327.831	2.425687e-05
5330.587	2.440224e-05
5333.344	2.447539e-05
5336.1	2.449428e-05
5338.856	2.433426e-05
5341.612	2.429621e-05
5344.369	2.421519e-05
5347.125	2.423411e-05
5349.881	2.438301e-05
5352.637	2.430242e-05
5355.394	2.419997e-05
5358.15	2.426057e-05
5360.906	2.423457e-05
5363.662	2.424361e-05
5366.418	2.4301e-05
5369.175	2.43105e-05
5371.931	2.431582e-05
5374.688	2.423633e-05
5377.443	2.418531e-05
5380.2	2.422166e-05
5382.956	2.427441e-05
5385.712	2.425922e-05
5388.469	2.42749e-05
5391.225	2.426802e-05
5393.981	2.41345e-05
5396.737	2.42345e-05
5399.494	2.438016e-05
5402.25	2.436107e-05
5405.006	2.443714e-05
5407.762	2.439518e-05
5410.519	2.419872e-05
5413.275	2.41736e-05
5416.031	2.414492e-05
5418.787	2.416985e-05
5421.543	2.435355e-05
5424.3	2.443451e-05
5427.056	2.437756e-05
5429.812	2.436589e-05
5432.568	2.425265e-05
5435.325	2.416584e-05
5438.081	2.420485e-05
5440.837	2.425841e-05
5443.594	2.430683e-05
5446.35	2.434403e-05
5449.106	2.429849e-05
5451.862	2.422281e-05
5454.619	2.421888e-05
5457.375	2.418519e-05
5460.131	2.425455e-05
5462.887	2.43416e-05
5465.644	2.436353e-05
5468.4	2.443098e-05
5471.156	2.436653e-05
5473.912	2.427788e-05
5476.668	2.421783e-05
5479.425	2.42282e-05
5482.181	2.427613e-05
5484.938	2.431588e-05
5487.693	2.441629e-05
5490.45	2.432444e-05
5493.206	2.41988e-05
5495.962	2.410055e-05
5498.719	2.392358e-05
5501.475	2.403333e-05
5504.231	2.418025e-05
5506.987	2.439137e-05
5509.744	2.463505e-05
5512.5	1.231947e-05
